0.440404	3.642117	-7.499441	7.915722	0.000000	0.163390
0.440552	-9.230445	16.640956	5.843155	0.000000	27.877348
0.442704	3.012246	-7.496772	9.313673	0.000000	0.745038
0.443115	3.544859	-7.322634	9.896603	0.000000	8.335056
0.443801	2.704230	-7.308623	8.983429	0.000000	10.082124
0.445565	3.302420	-7.979486	9.609949	0.818182	8.458362
0.445688	-4.990012	-5.303596	14.568256	0.090909	26.078732
0.445911	3.402226	-7.252579	9.827963	0.909091	1.471462
0.446013	2.215506	-7.410148	9.718019	0.909091	1.910807
0.446365	2.883475	-6.609516	10.012654	0.909091	0.595479
0.446515	3.491414	-7.139490	9.438596	0.909091	0.256975
0.446810	2.360058	-7.177520	10.055701	0.909091	3.295570
0.446949	2.162009	-7.496994	9.700648	1.000000	0.009494
0.448467	3.339731	-8.110924	9.282993	1.000000	0.276790
0.448647	3.360326	-8.074895	9.486047	1.000000	0.031019
0.448775	3.651145	-7.421824	10.238777	1.000000	0.036089
0.448902	1.995813	-7.602967	9.808036	1.000000	0.020467
0.449312	3.357159	-8.085348	9.332750	1.000000	1.502004
0.449570	2.115519	-7.734515	9.714230	1.000000	6.648348
0.449686	2.052113	-7.568718	9.809752	1.000000	0.058981
0.450099	1.646236	-7.488210	9.510513	1.000000	0.122248
0.450314	1.954059	-7.680028	10.028092	1.000000	0.316851
0.450507	2.910048	-6.653551	10.727858	1.000000	1.262699
0.450882	1.791150	-7.058315	9.787079	1.000000	9.243140
0.451117	1.827502	-7.036075	9.832244	1.000000	0.847704
0.451310	1.819768	-7.063541	10.034313	1.000000	1.836932
0.451467	1.519557	-7.538694	9.805889	1.000000	0.785240
0.451703	1.874940	-7.920551	10.185767	1.000000	8.558129
0.451862	2.022581	-6.839030	10.247282	1.000000	8.342347
0.451971	3.619912	-7.391800	10.078491	1.000000	0.609012
0.452141	3.509360	-8.452416	9.897473	1.000000	0.949479
0.452434	3.551405	-8.465315	9.799688	1.000000	2.523969
0.452804	1.438276	-7.596406	9.836056	1.000000	0.137273
0.452922	2.042160	-7.772323	10.277953	1.000000	16.025761
0.453221	3.169186	-6.681350	10.106287	1.000000	1.441633
0.453311	1.822280	-8.016071	10.316395	1.000000	1.770450
0.453456	1.871743	-6.659110	10.161646	1.000000	3.686854
0.453602	3.514477	-8.398929	9.662224	1.000000	4.615613
0.453896	1.890846	-6.601732	9.959917	1.000000	0.042596
0.454442	3.420303	-8.282281	9.554400	1.000000	0.634583
0.454792	3.535760	-8.555719	9.783611	1.000000	1.149743
0.455146	1.824170	-6.291709	9.916222	1.000000	0.190947
0.455364	1.845150	-6.374997	9.878890	1.000000	0.664176
0.455424	1.869464	-6.217540	10.118228	1.000000	0.117141
0.455930	1.898154	-6.018493	9.932196	1.000000	1.054760
0.456055	1.711791	-5.621847	9.406414	1.000000	2.669249
0.456900	1.777882	-5.685341	9.822289	1.000000	1.836603
0.456989	1.787575	-5.681227	9.930040	0.909091	0.520148
0.457106	1.905866	-5.770965	9.768662	0.909091	49.834171
0.458095	3.754563	-8.607093	10.092577	0.909091	3.578767
0.458677	3.672124	-8.445076	9.847965	0.909091	1.126949
0.459235	3.641556	-8.493670	9.877382	0.909091	1.043741
0.459921	2.420270	-19.223254	18.822804	0.090909	45.887285
0.460390	1.683208	-4.903168	9.545096	0.909091	5.896195
0.460607	1.772146	-5.125677	10.052383	0.909091	1.449119
0.460809	1.841484	-5.049172	10.158460	0.909091	0.850796
0.461168	1.878916	-4.664980	9.610702	0.909091	12.200289
0.461283	2.149401	-4.729809	9.956794	0.909091	3.725724
0.461467	1.343468	-4.806314	9.838226	1.000000	1.139979
0.462341	1.824701	-4.988458	9.537924	1.000000	1.755513
0.463004	1.926542	-4.652971	10.134500	1.000000	1.832127
0.463212	1.594268	-4.638848	10.226179	1.000000	14.800863
0.463237	4.173969	-8.591192	10.605408	1.000000	4.978419
0.463360	1.812762	-4.897164	9.232199	1.000000	0.371667
0.463890	1.665222	-4.939197	9.539395	0.909091	2.862371
0.464149	1.956237	-4.285792	10.030009	0.909091	0.089145
0.464322	1.706598	-4.854241	9.194987	0.909091	0.339135
0.464609	1.591836	-4.530874	9.815370	0.909091	2.129342
0.464892	1.921692	-4.622169	10.037133	0.909091	1.499297
0.464987	9.237225	-12.259088	66.192763	0.090909	48.094131
0.465022	1.849147	-4.278898	9.977183	0.909091	1.396925
0.465362	1.948982	-4.434465	10.354453	0.909091	14.952718
0.465459	1.809736	-4.422233	11.409745	0.909091	3.985007
0.465841	2.060908	-4.330939	10.201091	0.909091	3.319581
0.466608	4.287374	-8.373353	10.481099	0.909091	4.144113
0.466908	2.083556	-4.330383	10.373968	1.000000	0.436067
0.467137	4.184488	-8.082345	10.610223	1.000000	0.024449
0.467254	1.659658	-4.176928	10.588138	0.727273	0.426318
0.467524	1.839263	-4.228080	10.727162	0.909091	2.439988
0.467858	4.551503	-8.511462	10.884588	0.818182	15.121865
0.468073	4.419394	-8.454639	10.575893	0.909091	8.624876
0.468459	4.505128	-8.321868	10.671748	0.818182	1.291291
0.469206	2.445073	-4.205617	10.476360	1.000000	2.076170
0.469361	2.433682	-4.044157	10.328001	1.000000	0.168548
0.470034	2.688173	-4.418897	10.371155	1.000000	0.215251
0.470710	2.565596	-4.305919	10.354368	1.000000	7.265936
0.470829	1.718458	-4.053942	10.866936	0.909091	1.787615
0.471250	1.677264	-4.069732	10.746104	1.000000	0.770076
0.471943	1.673436	-3.980996	10.395161	1.000000	24.084928
0.472099	1.585463	-4.093862	10.906089	1.000000	0.403943
0.472218	1.790898	-4.305140	10.814885	1.000000	0.040724
0.472588	2.732071	-4.416673	10.303914	1.000000	4.969496
0.472823	2.998156	-4.355514	10.672990	1.000000	0.805433
0.472939	2.915675	-4.378198	10.634330	1.000000	21.940654
0.473204	2.955028	-4.519643	10.420515	0.909091	2.125353
0.474433	3.044420	-4.584139	10.480437	0.818182	0.206494
0.474574	3.105091	-4.561120	10.597405	0.818182	1.040392
0.474918	3.147711	-4.719912	10.594967	0.818182	3.420820
0.475319	2.966043	-5.247996	9.295903	0.818182	35.467950
0.475448	7.421560	-5.859701	2.665695	0.090909	17.461301
0.475769	3.466268	-5.684674	19.723279	0.090909	4.592938
0.476205	3.303768	-4.918291	10.628225	0.818182	1.866378
0.476350	3.298657	-5.008362	10.799552	0.818182	0.655038
0.476502	1.690818	-5.603833	9.986627	0.818182	1.123167
0.476661	3.455719	-5.068076	11.308422	0.727273	2.336537
0.476909	3.418530	-5.067743	10.948105	0.909091	0.014483
0.479874	4.001533	-5.067854	11.032553	0.909091	23.923431
0.480890	3.680327	-7.449401	7.818412	0.909091	1.184008
0.481275	4.076101	-5.079085	10.640829	1.000000	3.622925
0.481485	1.382028	-1.782815	8.159634	0.363636	3.862516
0.482854	4.835376	-5.155701	11.215799	0.909091	0.684063
0.483018	3.750007	-4.771064	10.391357	1.000000	5.409881
0.483109	4.174938	-5.261674	11.174685	0.909091	16.004024
0.484535	4.517738	-4.795639	10.802570	0.909091	0.978487
0.486411	4.998540	-7.554595	9.028731	0.909091	26.245146
0.486672	4.293272	-5.086869	11.609550	1.000000	3.097695
0.486885	4.268590	-5.164597	11.334876	1.000000	6.729643
0.486984	4.910430	-4.876147	12.381832	1.000000	3.982416
0.487135	4.286004	-5.093207	11.532439	1.000000	0.007272
0.487220	3.981802	-5.208632	10.948286	1.000000	5.960127
0.487389	4.302039	-5.110665	11.485349	1.000000	0.127029
0.487552	4.757917	-4.756163	10.685659	1.000000	0.973338
0.488211	4.692600	-4.837339	10.779774	1.000000	0.351939
0.488819	5.456367	-5.336288	11.391819	1.000000	0.568225
0.489642	5.424215	-5.353969	11.257314	1.000000	0.442923
0.491073	5.426184	-5.397225	11.271646	1.000000	7.223724
0.492487	3.854640	-6.958792	7.436977	0.727273	0.019013
0.492886	5.479019	-5.345073	11.288889	0.909091	2.641308
0.494202	4.671461	-4.915178	12.022293	0.818182	2.100926
0.494844	5.612004	-5.269902	11.173858	0.909091	3.889744
0.496162	5.471308	-4.437134	11.882948	0.818182	0.562587
0.496521	5.361041	-4.405998	11.949557	0.818182	18.378095
0.496648	4.997900	-8.700612	7.454387	0.272727	33.882989
0.497226	5.329758	-5.214859	11.009655	0.909091	2.003313
0.497383	5.657000	-5.514651	11.325817	0.727273	0.474668
0.497473	5.496456	-5.370871	10.985410	0.727273	2.473905
0.497824	5.404954	-5.472507	12.373973	0.545455	3.142253
0.497880	5.341591	-5.197512	11.449154	0.454545	2.738751
0.498759	5.075878	-4.911175	5.556121	0.454545	5.257371
0.499469	1.909601	-6.791326	5.858905	0.545455	0.217371
0.499806	1.892819	-6.761636	6.061390	0.545455	0.724257
0.499959	1.923215	-6.841365	5.830209	0.636364	0.066626
0.500363	1.870269	-6.844368	5.934542	0.727273	1.250398
0.500726	5.844705	-5.461720	11.549065	0.272727	0.769109
0.507362	5.839627	-9.063898	7.523131	0.727273	22.244190
0.508333	6.238858	-5.389886	11.873258	0.363636	6.542868
0.513832	3.905162	-7.423714	7.327661	0.818182	0.056895
0.514405	4.276195	-8.410605	6.756025	0.818182	0.127897
0.515008	3.503349	-9.247377	11.314287	0.909091	36.363639
0.515488	0.984423	-6.253457	5.560809	0.363636	3.567656
0.518112	3.480297	-8.577514	9.660000	0.818182	0.190635
0.518489	1.515978	-8.257150	10.075787	0.909091	16.736005
0.518788	3.412822	-8.683153	9.558270	0.818182	4.121980
0.518845	3.653947	-9.449981	12.814135	0.636364	4.926079
0.518911	-3.567588	-6.893629	13.193063	0.090909	10.153425
0.520097	3.012904	-6.928101	6.929649	0.818182	0.007713
0.520556	1.210776	-8.332321	10.085210	0.909091	1.207175
0.520803	3.181461	-8.801247	9.725562	0.909091	0.072056
0.521545	3.220861	-6.891850	6.834729	0.818182	1.161919
0.522154	3.439026	-8.730190	9.678497	0.909091	0.446316
0.522751	3.033172	-8.994399	10.169309	1.000000	22.852055
0.523245	1.128563	-8.470763	10.102899	1.000000	3.452335
0.523605	1.163886	-8.340994	10.009662	1.000000	2.962755
0.523657	1.100319	-8.517578	10.113654	1.000000	1.884141
0.523967	1.174424	-8.406046	10.088482	1.000000	0.416518
0.524099	1.225787	-8.366014	9.869784	1.000000	47.585005
0.524702	1.093423	-8.550382	9.930806	1.000000	7.137768
0.524885	1.019586	-8.468095	9.874769	1.000000	6.696885
0.524931	3.090246	-9.124391	10.301882	1.000000	8.312299
0.525050	2.992515	-8.922342	9.870029	1.000000	0.186858
0.525097	2.951683	-8.925122	9.952083	1.000000	0.000663
0.526297	1.256358	-8.271161	9.899114	0.909091	0.131163
0.526464	1.087540	-8.379691	10.182397	0.909091	5.037314
0.526531	2.963204	-9.284072	9.508419	0.818182	0.125682
0.526634	1.053517	-8.430621	9.865124	0.818182	0.000008
0.526836	2.981743	-9.199005	9.506378	0.818182	0.009908
0.526951	5.422492	-4.518086	12.406480	0.181818	1.308915
0.527058	2.870814	-9.259164	9.439174	0.818182	0.276417
0.527186	6.171766	-5.443373	11.820050	0.181818	1.496076
0.527292	0.895879	-8.434290	9.655427	0.818182	0.599812
0.527382	2.699356	-9.146630	10.015566	0.818182	3.182666
0.527776	2.691237	-9.086805	9.857833	0.818182	0.456747
0.527877	0.883291	-8.385251	9.685376	0.909091	0.606457
0.528586	2.630820	-9.035876	9.885014	0.909091	8.291227
0.528799	2.989048	-9.416399	9.747414	1.000000	2.223819
0.528945	2.968532	-9.376701	9.593323	1.000000	0.109907
0.529502	0.875365	-8.329429	9.333629	1.000000	0.124696
0.529584	0.834065	-8.266936	9.464672	1.000000	0.135096
0.530419	0.532321	-8.729523	9.889989	1.000000	0.207709
0.530755	0.765933	-8.572399	9.323733	1.000000	0.638471
0.530892	0.729745	-8.118596	9.435094	1.000000	0.022028
0.530967	0.732372	-8.546156	9.298872	1.000000	0.683039
0.531398	0.453353	-8.404822	9.285036	1.000000	2.798827
0.531525	0.743914	-8.085348	9.835567	1.000000	2.663637
0.531692	0.749503	-7.973815	9.307367	1.000000	0.177500
0.531851	0.681079	-7.979820	9.973952	1.000000	3.886473
0.532799	2.909007	-9.687947	9.641615	1.000000	5.889602
0.532930	0.544719	-8.698276	9.745920	1.000000	0.311654
0.533104	2.877868	-9.684388	9.842597	1.000000	6.917126
0.533252	4.385013	-10.200129	11.066759	1.000000	9.701744
0.533365	0.385952	-8.304966	9.290475	1.000000	9.454930
0.533601	0.435742	-8.747760	10.059149	1.000000	2.119736
0.533647	0.573156	-8.828268	9.145283	1.000000	0.348746
0.534096	0.391256	-7.824142	9.413458	1.000000	0.784692
0.534211	0.499787	-8.778117	8.998037	1.000000	0.110594
0.534649	0.473221	-8.869856	9.956185	1.000000	0.016572
0.535532	0.466329	-9.166313	9.012204	1.000000	5.611050
0.535777	0.545851	-9.193779	8.917445	1.000000	12.134510
0.536443	0.525592	-8.114260	8.979525	1.000000	0.226946
0.536743	2.990422	-9.868534	10.049075	1.000000	0.370020
0.536910	0.467330	-8.119152	9.138680	1.000000	2.113865
0.537224	2.665810	-9.946595	9.871918	1.000000	0.968083
0.537354	-0.083321	-7.630211	9.689445	1.000000	1.207898
0.537494	2.470111	-9.854523	9.641735	1.000000	0.165893
0.537598	2.154240	-9.747549	12.539947	1.000000	48.789973
0.537718	2.527916	-9.881210	9.918394	1.000000	1.792603
0.537933	-0.091059	-7.652117	9.541678	1.000000	0.674098
0.538236	2.394423	-9.970058	9.797134	1.000000	5.247801
0.538547	0.054175	-7.603634	9.434448	1.000000	5.119825
0.539339	-0.439412	-7.505890	9.719689	0.909091	0.174053
0.539477	-0.561340	-7.478091	9.675477	0.909091	0.088410
0.539534	-0.377143	-7.524905	9.824690	0.909091	3.942926
0.539737	3.082318	-10.875440	11.278526	0.454545	25.412252
0.540250	2.858501	-9.848518	9.897982	1.000000	5.933421
0.541822	-0.521921	-7.926111	9.760886	1.000000	0.907658
0.542041	-0.558926	-7.828256	9.579323	0.909091	0.560477
0.542105	-0.288210	-7.310180	9.590388	0.909091	1.994368
0.542634	-1.058475	-7.610862	9.662584	0.909091	6.195589
0.542756	-0.564892	-7.819694	9.644651	1.000000	2.923855
0.543222	-1.038220	-7.100793	9.719699	0.909091	4.606165
0.543467	-0.735740	-7.220109	10.061140	1.000000	2.306243
0.543547	-1.050331	-6.972580	9.280046	0.909091	0.150720
0.543726	-1.264978	-6.545688	8.708511	0.909091	40.430344
0.544013	3.240948	-9.991965	10.748904	0.272727	0.976821
0.544722	-1.147584	-7.482538	9.172961	0.909091	1.886226
0.544810	-1.103460	-6.905861	9.117462	0.818182	1.459174
0.544969	-1.199560	-6.825909	8.963495	0.727273	1.630246
0.545842	-1.308213	-7.700600	9.630590	0.727273	1.078175
0.545888	-1.260850	-7.578503	9.388145	0.636364	0.221908
0.546092	-1.099520	-6.460064	8.728128	0.636364	0.268312
0.546218	3.247669	-10.039780	10.799365	0.363636	1.323660
0.547066	3.216904	-10.045785	10.774734	0.363636	1.428266
0.547343	-1.528203	-7.628654	9.145126	0.636364	8.260849
0.547819	3.228387	-10.143640	10.817258	0.363636	3.778890
0.548010	3.311999	-10.048565	10.839733	0.363636	0.107370
0.548184	-0.893598	-6.125022	8.379547	0.545455	4.173806
0.548263	-1.000982	-6.212869	8.520845	0.636364	2.007364
0.548620	-0.841119	-6.095554	8.592056	0.636364	29.402505
0.548850	-0.820147	-6.101559	8.471556	0.636364	0.009689
0.549172	-1.812823	-7.904761	9.197791	0.727273	15.148154
0.549247	3.319368	-10.073251	11.046976	0.181818	0.940372
0.549482	-1.022168	-6.741398	13.365417	0.545455	13.914931
0.549717	3.260428	-9.961385	10.932045	0.181818	0.724407
0.549876	-0.488492	-5.674444	8.384312	0.636364	0.239791
0.550061	-0.359765	-5.376987	6.035470	0.636364	23.993890
0.550164	-1.323168	-6.916091	10.607257	0.727273	5.011861
0.550364	-0.683202	-5.567248	8.132941	0.727273	15.513081
0.550827	0.541841	4.336906	15.635870	0.090909	5.137647
0.551025	-1.978294	-7.966031	9.335877	0.909091	0.866484
0.551178	-0.719082	-5.451157	8.198979	0.818182	4.448173
0.551321	-0.790476	-5.365533	8.013794	0.727273	13.270996
0.551587	-0.418678	-5.667216	8.701683	0.727273	0.152218
0.551691	-2.095098	-7.965031	9.318608	0.727273	0.302489
0.551791	-0.302349	-5.368313	8.801178	0.818182	0.373245
0.552270	3.331764	-10.051901	10.681429	0.181818	5.577341
0.552575	7.175079	4.906690	5.283227	0.090909	8.689125
0.552886	-1.122031	-5.641863	7.846310	0.727273	0.084042
0.552994	-2.366820	-7.849161	8.962491	0.727273	1.535229
0.553586	-0.863167	-5.121341	8.431118	0.636364	0.273144
0.553660	0.146963	-12.397642	7.901739	0.181818	0.175547
0.553975	-0.170836	-5.609393	8.857229	0.727273	0.310668
0.554166	-1.245167	-5.766628	7.912783	0.727273	0.266013
0.554204	-0.259106	-5.769964	8.873781	0.727273	0.057004
0.554450	-5.739831	-12.196483	33.028156	0.090909	4.999780
0.554768	-2.381470	-7.970368	9.083800	0.727273	11.608644
0.554912	-1.465212	-5.467058	8.009561	0.818182	2.975291
0.555064	-2.438502	-8.572622	14.322148	0.090909	0.651501
0.555256	-1.431185	-5.380545	7.854223	0.818182	0.124170
0.555656	-0.175866	-5.305820	8.820211	0.818182	28.059564
0.555868	-0.186963	-5.812108	8.944321	0.909091	0.019213
0.555950	0.028070	-5.015924	8.354442	0.909091	0.977421
0.556030	-2.580091	-7.740298	8.673865	0.909091	0.382217
0.556156	-0.200664	-5.785198	8.900978	1.000000	0.092289
0.556233	-1.774758	-5.496637	8.119749	0.909091	0.944844
0.556298	-1.422676	-5.009252	7.729197	0.909091	3.194302
0.556925	-1.834889	-5.620401	8.118266	0.909091	1.753245
0.557333	-1.833301	-5.590044	8.306760	0.909091	0.034563
0.557433	-1.751752	-5.684341	8.119091	0.909091	5.791111
0.557466	-7.618481	-27.480108	29.942309	0.090909	15.552739
0.557934	-2.065468	-5.442149	8.111913	0.909091	0.765983
0.558288	0.126121	-4.731811	8.570120	0.909091	11.911867
0.558382	-2.686227	-8.129383	9.101270	0.818182	0.152824
0.558804	0.072994	-4.710572	8.573498	0.909091	4.444975
0.558967	-1.599383	-4.871921	8.018363	0.909091	0.432501
0.559548	-0.297461	-2.660508	10.587796	0.818182	43.187023
0.559675	-2.301734	-5.311268	8.072810	1.000000	4.965007
0.559792	-1.749813	-4.841119	8.156562	1.000000	1.200462
0.560157	-1.604785	-4.829221	8.017256	1.000000	0.687326
0.560485	-2.382272	-5.370315	8.052796	1.000000	24.947821
0.560651	-3.140692	-7.062318	8.463040	0.909091	1.505318
0.561169	-2.800167	-8.303965	9.212521	0.909091	3.635509
0.561701	0.264805	-4.451589	8.557332	1.000000	6.156289
0.561948	0.239454	-4.466824	8.792255	1.000000	2.076308
0.562070	-3.143859	-7.043970	8.406414	1.000000	2.484440
0.562164	-3.467591	-7.016059	9.336238	1.000000	5.652069
0.562296	0.314108	-4.346062	8.810249	0.909091	0.214216
0.562384	-2.856254	-5.525771	8.478096	1.000000	0.151443
0.562520	-2.680110	-4.981230	8.433289	1.000000	13.852409
0.562698	0.434152	-4.326713	9.252102	1.000000	32.384978
0.562847	-3.160908	-6.989260	8.504995	1.000000	0.066039
0.563008	-3.228857	-6.960348	8.491131	1.000000	1.721667
0.563546	-3.012633	-7.182079	8.767903	1.000000	0.387306
0.563955	-2.697526	-4.882152	8.285574	1.000000	1.411832
0.564100	-3.160640	-5.329283	8.107737	1.000000	0.029880
0.564649	-3.448491	-7.068767	8.448657	1.000000	2.141728
0.564872	-1.988147	-4.011909	8.500640	1.000000	21.726842
0.564986	-2.132715	-4.139343	8.755229	1.000000	0.818572
0.565360	-2.102612	-4.150796	8.594833	1.000000	12.994971
0.565498	-3.541850	-5.285693	8.247842	1.000000	3.146902
0.565702	0.361730	-4.077294	8.664204	0.909091	0.040882
0.565914	-2.176611	-4.118993	8.650741	0.909091	0.400091
0.566178	-3.655116	-6.887624	8.370143	0.909091	0.203515
0.566869	-3.561672	-7.165510	8.624486	0.818182	0.535430
0.567017	-3.636532	-7.205320	8.578791	0.727273	0.834428
0.567224	-3.744510	-5.433476	8.387071	0.818182	0.209370
0.567600	1.533197	7.537434	17.377100	0.090909	3.500789
0.567849	-2.244430	-3.848002	8.525620	0.818182	2.903608
0.567989	-2.466844	6.935180	46.158125	0.090909	0.000807
0.568002	-2.341492	-3.407098	10.359043	0.818182	38.701686
0.568380	-4.028567	-5.235653	8.483283	0.818182	0.227477
0.568824	0.222485	-3.888256	9.107973	0.818182	0.191419
0.568918	-3.759920	-6.562590	8.391426	0.909091	0.623466
0.569219	-3.979802	-5.607280	8.309042	0.909091	3.341480
0.569561	-4.275935	-5.222865	10.278025	1.000000	4.948103
0.569753	-3.693538	-6.489421	8.436727	1.000000	1.782906
0.569823	-3.797756	-6.520334	8.684957	1.000000	2.010399
0.569954	-3.695087	-7.287607	8.859203	1.000000	3.469925
0.570510	-4.139112	-5.244327	8.703771	1.000000	0.016227
0.570834	-2.417675	-3.732800	8.771858	1.000000	0.584147
0.570897	-2.181970	-3.699551	8.661972	1.000000	6.536865
0.571046	-2.134347	-3.716787	8.468105	1.000000	1.432456
0.571171	-2.538075	-3.625493	8.423138	1.000000	0.008010
0.571255	-4.272476	-5.602498	8.771721	1.000000	2.208525
0.571395	-4.149842	-5.739273	8.249858	1.000000	0.110474
0.571481	-4.259150	-5.616065	8.017742	1.000000	17.463536
0.571576	-2.665759	-3.633944	8.996498	1.000000	6.014845
0.572184	-2.605754	-3.744809	9.145070	1.000000	0.643672
0.572567	-2.655386	-3.429671	8.948145	1.000000	0.089958
0.572776	-2.631996	-3.450466	8.804290	1.000000	7.933201
0.572935	-3.724648	-6.364211	8.689765	0.909091	6.645556
0.573077	-3.822813	-7.388464	9.149693	0.909091	5.578956
0.573224	-4.389729	-5.589154	8.187025	0.909091	6.276114
0.573702	-3.794449	-6.290264	8.626211	0.909091	0.542438
0.573876	-3.749981	-7.231785	8.837637	0.818182	6.421225
0.574005	-2.917710	3.639467	35.310016	0.090909	39.460139
0.574391	-2.934701	-3.427447	9.416441	0.818182	3.047134
0.574479	-3.872054	-7.502332	8.936611	0.818182	0.943541
0.574628	-2.622250	-3.745476	9.122551	0.818182	1.904139
0.574747	-3.689037	-5.355748	14.909876	0.090909	43.575937
0.575279	-2.907921	-3.212166	8.782127	0.818182	2.182182
0.575402	-2.852671	-3.321808	9.150807	0.818182	0.382421
0.575503	-2.657872	-3.203938	8.714354	0.818182	1.754209
0.576475	-5.106121	-5.916635	8.574791	0.818182	2.903801
0.576630	-3.025146	-3.104970	8.806261	0.818182	0.737268
0.576839	-2.981998	-3.114422	8.795951	0.909091	0.211168
0.576975	2.403520	4.770471	11.993495	0.090909	0.413839
0.577343	-3.173402	-2.981984	8.614442	0.909091	1.448729
0.578411	-5.182800	-5.793538	8.291983	0.909091	12.753166
0.578509	-3.080751	-2.889356	8.829107	0.909091	1.152358
0.578960	-5.182433	-5.812998	8.416281	0.909091	0.177002
0.579206	-5.284215	-5.804324	8.678300	0.909091	0.568366
0.579408	-3.242970	-2.679746	8.732880	1.000000	7.638272
0.580448	-4.906697	-6.099001	8.830246	1.000000	0.164407
0.580659	-4.883332	-6.222210	8.722656	1.000000	0.184505
0.580751	-5.393026	-5.594937	8.536433	1.000000	0.070595
0.580991	-5.384622	-5.541228	8.446797	1.000000	1.722887
0.581182	-5.470606	-5.704801	8.543930	1.000000	1.664923
0.581475	-3.339902	-2.740349	9.005921	1.000000	1.501029
0.581596	-3.380300	-2.455346	8.956155	0.909091	3.324728
0.582118	-3.547532	-2.694202	9.150346	0.909091	0.812529
0.582589	-3.526901	-2.501494	8.945126	0.909091	0.103459
0.582665	-3.304629	-2.469135	9.058190	0.909091	0.004443
0.582723	-5.775299	-5.365756	8.531043	0.818182	2.661355
0.582898	-10.749593	-4.860245	0.790567	0.090909	0.520970
0.583000	-3.248259	-2.541414	9.024006	0.818182	0.700474
0.583892	-3.827597	-2.773153	9.270295	0.818182	0.619005
0.584008	-3.874641	-2.671406	9.133111	0.818182	2.322083
0.584505	-4.977108	-2.942175	14.656160	0.090909	11.683215
0.584704	-4.914490	-6.323179	8.781164	0.727273	3.202578
0.585123	-5.874696	-5.178274	8.423213	0.818182	8.232265
0.585824	-3.460007	-2.082830	8.808772	0.818182	3.706876
0.586025	-3.434363	-1.984864	8.874339	0.818182	0.954854
0.586471	4.187361	-8.438960	7.116837	0.090909	1.248089
0.587093	-3.313477	-1.888677	9.006385	0.909091	0.993937
0.587347	-3.376722	-1.703530	8.819752	0.818182	3.228910
0.587816	-6.029888	-5.190061	8.711637	0.909091	0.030552
0.588035	-4.996467	-6.496426	8.808371	0.636364	3.054991
0.588372	-5.968216	-4.985122	8.179776	0.818182	0.237083
0.588771	-6.030470	-5.264898	8.699831	0.909091	0.023886
0.588863	-3.323239	-1.752458	8.707966	0.818182	0.050216
0.588941	-6.764732	-5.202182	5.761568	0.636364	5.522206
0.589008	-3.033293	-1.550632	5.576893	0.636364	11.876730
0.589303	-4.111047	-2.533964	8.788535	1.000000	18.451396
0.589522	-3.471505	-1.755127	9.202607	0.909091	0.030131
0.589972	-3.547623	-1.653491	9.162860	0.909091	1.558011
0.590056	-4.314805	-2.698872	9.201887	1.000000	0.506385
0.590165	-4.305953	-2.706545	9.022266	1.000000	0.528035
0.590232	-6.040037	-5.156924	8.148974	1.000000	2.138547
0.590421	-4.382758	-2.764146	9.362584	1.000000	0.472793
0.590765	-3.458699	-1.534730	9.079420	1.000000	0.805672
0.590873	-3.423229	-1.732553	9.226128	1.000000	4.491224
0.591567	-4.400552	-2.734122	9.034587	1.000000	1.287813
0.591693	-4.295260	-2.818188	9.045183	1.000000	1.849605
0.591947	-4.424974	-2.754916	9.116941	1.000000	3.847623
0.592018	-6.284168	-5.230204	9.130032	1.000000	0.595789
0.592516	-4.333005	-2.820968	9.018384	0.909091	0.201631
0.593004	-3.467883	-1.296320	9.159263	0.909091	3.838440
0.593135	-3.402362	-1.240609	8.986312	0.909091	0.277118
0.593546	-3.394149	-1.171110	9.126591	0.818182	5.123681
0.593816	-3.422498	-1.285756	9.081593	0.818182	1.021812
0.594028	-10.837630	-6.808006	21.418741	0.090909	36.334659
0.594423	-6.293365	-5.135352	8.907709	0.909091	0.275483
0.594511	-3.365840	-1.284422	9.181558	0.818182	0.116703
0.594628	-6.422334	-5.616732	8.123435	0.454545	1.257989
0.594688	-4.574598	-2.557427	8.961512	0.909091	1.136985
0.594905	-3.318777	-1.265295	9.181921	0.818182	0.718691
0.595027	-6.502887	-5.118783	9.176763	1.000000	0.045870
0.595144	-3.509235	-1.169776	9.085971	0.909091	9.822147
0.595433	-6.329051	-5.096988	8.780538	1.000000	3.397199
0.595493	-4.645147	-2.561541	9.274396	1.000000	1.863451
0.595672	-6.435165	-4.952096	9.016765	1.000000	2.786364
0.595881	-4.724279	-2.601795	9.540232	1.000000	1.935230
0.596085	-4.627632	-2.583559	9.239619	1.000000	2.254191
0.596154	-6.488461	-4.617276	8.495550	1.000000	4.871965
0.596216	-6.547387	-4.959546	8.905453	1.000000	20.902027
0.596606	-6.124909	-5.032270	8.865626	1.000000	0.488637
0.596981	-6.500799	-4.443027	8.424887	1.000000	0.488130
0.597569	-6.638970	-4.574131	8.129604	1.000000	4.306954
0.597777	-6.611367	-4.529206	8.122609	1.000000	0.537920
0.598138	-6.457322	-4.308365	8.036886	1.000000	1.854207
0.598225	-4.821096	-2.554202	9.364061	1.000000	4.230804
0.598641	-6.251773	-5.065074	9.179465	1.000000	1.648858
0.598726	-4.819967	-2.513726	9.236046	1.000000	0.009301
0.598878	-4.689956	-2.487483	9.131761	1.000000	2.836603
0.598928	-3.604701	-0.890555	9.642271	0.909091	3.002418
0.599269	-6.268205	-5.153811	9.260921	0.636364	7.670078
0.599433	-6.476026	-4.218739	7.727840	0.909091	3.473826
0.599515	-2.899324	-1.169442	8.806882	0.818182	2.307473
0.599558	-6.341881	-4.997020	9.300492	0.636364	2.554776
0.600073	-2.890013	-1.221372	9.373467	0.636364	1.670010
0.600609	-2.927792	-0.855083	9.336697	0.545455	2.603962
0.600728	-2.867365	-1.199799	9.294771	0.727273	0.544346
0.601094	-6.758302	-4.123664	7.959547	0.636364	19.678701
0.601591	-5.123269	-2.699428	9.138184	1.000000	1.215739
0.601913	-6.341587	-4.951762	9.583618	0.454545	0.541884
0.601987	-5.034134	-2.539746	9.449749	0.909091	0.927067
0.602431	-6.224011	-3.935182	7.305007	0.818182	25.132143
0.603050	-2.930859	-0.796703	9.346321	0.727273	3.205932
0.603095	-3.615919	-0.577641	9.329635	0.818182	6.517941
0.603562	-2.817445	-0.752112	9.174687	0.727273	7.160782
0.604221	-2.085730	-4.030034	30.464565	0.090909	15.629160
0.604236	-3.554863	-0.466331	9.618995	0.909091	0.566852
0.604407	-2.957806	-0.910126	9.408811	0.909091	2.690580
0.604520	-6.370371	-3.756596	7.438593	0.727273	2.644530
0.604619	-5.259208	-2.580668	9.040229	0.818182	4.059983
0.605892	-2.587808	-1.242722	9.563328	0.727273	3.342580
0.605975	-2.754824	-0.744217	9.401480	0.818182	0.602021
0.606572	-2.542335	-1.259291	9.351770	0.909091	9.097666
0.606623	-2.681286	-1.318560	9.558706	0.909091	9.457392
0.606905	-2.018296	-0.842072	2.065543	0.090909	29.515711
0.607076	-6.206141	-3.423555	7.612128	0.727273	2.211273
0.607368	-2.641047	-0.764789	9.434624	0.909091	0.304658
0.607847	-2.680274	-1.415303	9.501485	0.909091	0.252138
0.607959	-2.647837	-1.358035	9.424924	0.909091	0.765216
0.608213	-1.735684	2.080235	9.227176	0.727273	31.371602
0.608316	-2.513166	-0.526267	9.542699	0.909091	1.348757
0.608583	-3.411278	-0.537943	9.824039	1.000000	0.135299
0.608879	-2.485025	-0.529937	9.579456	1.000000	0.679177
0.608980	-2.558644	-0.554734	9.500101	1.000000	4.163588
0.609391	-5.524164	-2.599238	8.822990	0.909091	1.751381
0.609545	-5.515038	-2.622923	8.830745	1.000000	0.713207
0.609636	-6.218575	-3.251308	7.806794	1.000000	0.970345
0.609827	-6.157979	-3.195153	7.778563	1.000000	0.365775
0.609906	-6.205522	-3.236185	7.391058	1.000000	38.623727
0.609973	-5.463867	-2.596903	8.932998	1.000000	0.500966
0.610123	-5.496118	-2.620588	8.832234	1.000000	3.505478
0.610419	-3.468210	-0.512479	9.769755	1.000000	1.881161
0.610513	-3.413695	-0.502360	9.674531	1.000000	3.318406
0.610583	-3.986812	-0.670492	10.957545	1.000000	2.826574
0.610925	-5.542807	-2.614250	8.726515	1.000000	0.134043
0.611546	-6.489289	-3.178473	8.204551	1.000000	28.509788
0.611923	-3.367283	-0.463440	10.008486	1.000000	1.450794
0.612004	-5.940718	-2.827418	8.470421	1.000000	3.888404
0.612526	-5.456115	-2.536299	8.652162	0.909091	0.367924
0.613146	-6.877163	-1.554413	11.140495	0.909091	32.344443
0.613343	-5.451610	-2.423321	8.458547	0.909091	2.185369
0.613580	-6.250624	-2.634933	7.884760	0.909091	2.004771
0.614189	-2.519816	-0.069017	9.666894	0.909091	0.741656
0.614414	-10.942373	-3.750591	23.368209	0.090909	24.138758
0.614865	-5.423375	-2.432439	8.318294	0.909091	0.054111
0.615832	-2.451703	-0.090145	9.626745	0.909091	0.094019
0.616069	-5.413492	-2.417872	8.401920	0.909091	0.560774
0.616240	-5.343293	-2.325911	8.239753	0.909091	0.741295
0.616380	-2.377718	-0.102488	9.535858	0.909091	1.792337
0.616443	-6.194269	-2.428325	8.046340	0.909091	0.007984
0.616886	-1.997136	0.139147	9.270272	0.727273	16.436715
0.616999	-5.531303	-2.467578	8.451597	1.000000	3.701019
0.617111	-6.269191	-2.411312	8.247440	0.909091	0.756303
0.617290	-5.204830	-2.408754	8.220481	1.000000	0.101948
0.617796	-5.340176	-2.515060	7.820730	1.000000	5.252346
0.617956	-6.301197	-2.248628	7.792849	0.909091	10.487157
0.618074	-6.241843	-2.277762	8.158378	1.000000	2.044331
0.618498	-6.390810	-2.414759	8.241648	1.000000	2.689174
0.618714	-6.336116	-2.447118	8.519351	1.000000	7.986066
0.618901	-2.547100	0.071427	9.840622	1.000000	0.240429
0.619002	-6.181362	-2.280097	8.289531	1.000000	0.144997
0.619091	-2.608037	0.102229	10.024480	0.909091	0.107759
0.619392	-6.413548	-2.411312	7.900472	0.818182	2.151421
0.619840	-6.412158	-2.435664	8.188639	0.909091	3.775346
0.619991	-5.439918	-2.604909	8.159108	0.909091	7.538573
0.620427	-2.498192	-0.025094	9.684020	0.909091	0.783105
0.620744	-6.424895	-2.343814	8.487190	0.818182	5.285103
0.620881	-0.429649	-0.137738	1.010866	0.090909	45.206951
0.620967	-6.435987	-2.350263	7.778463	0.727273	3.283723
0.621171	-6.649410	-2.381399	8.422817	0.727273	1.281704
0.621578	-2.309841	0.235668	10.378226	0.363636	0.083550
0.622427	-6.413605	-2.300891	7.809685	0.545455	0.899839
0.622759	-6.662852	-2.446450	8.432080	0.545455	1.167522
0.622881	-2.512669	0.437160	10.167367	0.545455	1.432735
0.623017	-6.278176	-1.948168	8.011355	0.636364	4.098381
0.623133	-2.396774	0.275699	10.306313	0.636364	4.158790
0.623547	-3.864693	-7.045638	14.860783	0.090909	29.376308
0.624112	-6.248420	-1.862323	8.122340	0.909091	3.816459
0.624923	-6.213424	-1.704531	8.081426	0.909091	2.466692
0.625060	-2.530090	0.471409	10.396507	0.818182	1.714028
0.625377	-2.462144	0.611854	10.109387	0.909091	0.765607
0.625538	-6.305397	-1.688630	8.160813	0.818182	0.217952
0.625907	-2.481437	0.574046	10.251897	0.909091	0.095422
0.626043	-2.530102	0.376779	10.315093	0.909091	0.082462
0.626396	-6.239317	-1.662943	8.250091	0.727273	14.005901
0.627653	-6.257447	-1.529504	8.312341	0.818182	14.031702
0.627828	-1.822117	-7.601633	5.835290	0.090909	0.712726
0.628456	-6.415300	-1.500926	8.308663	0.636364	16.465590
0.629065	-2.195823	0.751186	10.102660	0.636364	0.048252
0.629313	-2.295516	0.821352	10.366534	0.545455	0.460793
0.630340	-6.535364	-1.332571	8.350473	0.363636	0.166871
0.631937	-2.369774	0.855935	9.900020	0.909091	0.062665
0.632058	-2.218181	0.796110	10.243952	0.818182	0.074891
0.632327	-2.170923	0.946118	10.064055	0.909091	0.307244
0.632454	-2.286647	0.964354	10.200422	0.818182	2.925026
0.632560	-2.124630	0.800447	9.861052	0.727273	5.462796
0.632746	-2.035532	0.984148	10.977297	0.727273	43.198761
0.632862	-2.046258	0.881400	10.159628	0.636364	4.016739
0.632952	-0.149989	2.317311	12.516405	0.545455	33.231726
0.633035	2.588364	-7.327638	48.503719	0.090909	0.502316
0.633400	-6.674024	-1.048680	8.458049	0.454545	0.885253
0.633493	-6.717172	-1.053906	8.244885	0.545455	0.965662
0.634081	-6.681387	-1.051126	8.181901	0.636364	1.894940
0.634374	-6.827315	-1.043009	8.300393	0.727273	2.062294
0.636738	-5.997910	-0.904233	8.076016	0.909091	0.361087
0.637134	-1.807340	0.994934	9.985117	0.454545	3.559900
0.637523	-6.771411	-1.066472	8.222819	0.818182	9.260924
0.637962	-5.971718	-0.884328	8.210850	1.000000	0.341972
0.638167	-5.944418	-0.895893	8.110221	0.909091	0.557603
0.638858	-6.404487	-5.766628	8.582395	0.727273	0.432616
0.639303	-1.741635	1.168627	9.893100	0.454545	0.553307
0.639513	-6.759351	-1.223040	8.614917	0.727273	14.120681
0.639615	-6.900314	-1.140085	8.456352	0.727273	0.383140
0.639756	-5.945522	-0.235816	11.461131	0.909091	27.379690
0.640269	-6.917620	-1.063358	8.427780	0.727273	3.200317
0.640419	-1.825281	1.456187	9.538604	0.545455	8.963340
0.640662	-1.833110	1.428610	9.971617	0.545455	1.088654
0.641209	-6.997324	-1.143866	8.528226	0.727273	0.542094
0.641842	-5.837831	-0.955162	8.326439	1.000000	1.756212
0.641896	-5.834834	-0.902565	8.154218	0.909091	6.130002
0.642001	-7.050790	-1.079371	8.740380	0.545455	1.252166
0.643035	-1.964293	1.502335	9.781185	0.545455	1.086354
0.643752	-7.134087	-1.047346	8.623222	0.636364	1.997399
0.644092	-5.748183	-0.946711	8.351078	0.818182	4.715140
0.644219	-1.757063	1.610086	9.747782	0.272727	5.714671
0.645292	-3.041861	-7.514008	7.507359	0.181818	5.680671
0.645509	-3.788903	-7.496994	8.936613	0.181818	0.094575
0.645712	-6.978638	-1.008537	8.422910	0.545455	1.500703
0.646046	-7.075739	-1.011762	8.821163	0.454545	5.754033
0.646312	-7.036401	-0.973398	8.739142	0.363636	3.104537
0.646447	-6.951477	-0.885662	8.654609	0.363636	0.289870
0.646725	-1.914599	1.824700	10.256172	0.181818	16.678022
0.647164	-3.808127	-7.601966	8.855033	0.363636	0.140068
0.647391	-4.097273	-7.525906	9.156454	0.454545	1.948400
0.647610	-3.850074	-7.598630	8.752915	0.454545	1.606784
0.647840	-3.829184	-7.549925	9.063952	0.545455	1.784196
0.648094	-2.052216	1.823143	10.142590	0.363636	0.549359
0.648174	-6.968794	-0.842295	9.116402	0.181818	0.035371
0.648758	-3.758909	-7.611529	8.740997	0.454545	3.743146
0.648848	-2.111006	1.847941	10.046320	0.363636	1.318165
0.649717	-3.868924	-7.696930	8.814190	0.363636	0.856874
0.650506	-1.859975	2.088242	10.283866	0.454545	2.125562
0.650697	-6.962651	-0.599992	9.183543	0.363636	0.007918
0.650809	-2.253927	1.899315	9.764378	0.363636	1.259053
0.650886	-3.859890	-7.739186	8.734571	0.181818	3.808455
0.651116	-2.053054	1.826368	10.097111	0.272727	0.761764
0.651446	-6.782990	-0.599325	8.996591	0.454545	0.105696
0.651863	-6.884195	-0.617673	9.003272	0.545455	0.142360
0.652139	-6.367781	-1.237607	7.512919	0.454545	27.386710
0.652242	-6.760467	-0.679055	9.177264	0.454545	0.875903
0.652415	-3.983558	-8.035753	9.063136	0.272727	1.210610
0.652483	-3.906998	-7.902537	8.846272	0.363636	3.259615
0.652606	-6.808573	-0.742661	9.126662	0.363636	0.132128
0.652755	-2.224283	2.036757	10.201557	0.090909	0.553189
0.653452	-3.939909	-7.926556	8.781708	0.363636	5.368623
0.654075	2.460877	-9.821719	9.466230	0.090909	4.362580
0.654816	-4.156649	-8.387920	8.956192	0.272727	0.027894
0.655151	0.866598	-6.117683	5.710679	0.181818	1.606946
0.655397	-6.669655	-0.807156	9.128200	0.181818	3.570389
0.655479	-2.189803	2.087686	10.434396	0.090909	5.737643
0.656127	0.954770	-6.001480	5.737654	0.181818	5.661985
0.656813	-6.851742	-0.811604	9.855080	0.363636	0.101521
0.657098	-4.274000	-8.745313	8.995570	0.545455	1.387297
0.657361	-4.221398	-8.632447	9.116767	0.545455	7.271028
0.657551	-4.442342	-8.658022	8.961083	0.636364	0.655522
0.658015	-6.620134	-5.097655	9.899736	0.818182	0.748385
0.658114	-6.535846	-5.008807	9.630572	0.909091	2.828785
0.658416	-6.433335	-5.057512	9.748422	0.818182	0.711705
0.658660	-2.156500	2.459535	10.755616	0.181818	1.812427
0.658801	-4.439894	-8.964487	9.143833	0.636364	0.417705
0.658945	-6.448053	-0.786807	9.521372	0.454545	0.020154
0.659145	-4.540864	-8.594194	8.662139	0.545455	1.427946
0.659522	-2.017424	2.192546	10.105545	0.181818	0.123614
0.660065	-6.412653	-0.817275	9.470647	0.181818	3.650699
0.660550	-4.680403	-8.920452	8.818047	0.545455	0.791016
0.660749	2.097209	-9.980956	9.494674	0.181818	0.408026
0.660908	-4.697714	-8.803471	8.697020	0.454545	0.486571
0.661358	-4.547320	-9.097147	9.166297	0.454545	0.314162
0.661744	-4.650473	-9.293079	9.046987	0.545455	0.834763
0.662327	-6.525136	-0.842851	9.651121	0.090909	7.538032
0.662638	1.908380	-9.572967	9.324620	0.272727	3.175930
0.662834	2.963260	-4.724694	6.501402	0.090909	1.802543
0.663119	-4.732337	-9.342340	9.289064	0.454545	1.413774
0.663234	-4.694859	-9.338115	9.366785	0.454545	1.445460
0.663865	-4.872609	-8.828935	8.471261	0.363636	2.667886
0.664096	1.954518	-10.414854	9.288979	0.363636	0.070274
0.664322	-6.598635	-3.810416	7.543096	0.181818	1.218518
0.664431	1.963458	-10.311995	9.109319	0.272727	2.355328
0.664654	-4.783181	-9.486788	9.053826	0.363636	2.706514
0.665233	1.880773	-10.419969	8.986822	0.363636	0.150484
0.665369	-4.521292	-9.018863	8.825283	0.181818	19.416333
0.665460	-6.815495	-3.763268	7.732706	0.272727	0.904385
0.665548	-2.250776	2.559947	10.814452	0.090909	2.006059
0.665939	2.490988	-4.679325	6.392077	0.090909	0.390330
0.665986	1.904910	-10.314330	9.014498	0.181818	1.032434
0.666264	-6.752314	-3.787176	7.516128	0.272727	2.478368
0.666389	-5.229898	-9.039323	8.739480	0.181818	1.087476
0.666550	-5.579550	-9.571855	8.804000	0.272727	29.108054
0.666755	-6.850635	-3.772831	7.775926	0.181818	19.032268
0.667008	-2.151722	2.697945	10.411343	0.181818	0.142322
0.667335	-1.866091	2.439630	10.617541	0.181818	0.351933
0.667484	1.721091	-9.623451	8.872089	0.272727	1.931760
0.667816	-5.218911	-9.787803	8.968492	0.454545	1.833647
0.667998	1.611181	-9.687947	9.392630	0.272727	0.776639
0.668134	-5.157120	-9.862974	9.137272	0.363636	2.544120
0.668226	-5.285156	-9.985070	9.310857	0.363636	0.103852
0.668707	1.584195	-9.153525	8.892773	0.272727	6.362514
0.669137	-5.050423	-10.055459	9.571541	0.363636	1.641138
0.669496	-7.229905	-3.883029	7.598095	0.363636	0.006537
0.669957	-7.100125	-3.756151	7.845408	0.363636	0.018072
0.670006	-6.772209	-3.912386	7.310473	0.363636	18.201416
0.670346	2.606463	-6.042512	4.959143	0.090909	0.772737
0.670563	-1.765088	2.505015	10.737915	0.363636	2.018067
0.670798	-7.760522	-3.951973	8.271403	0.363636	25.550509
0.670916	1.689955	-10.733217	9.595486	0.090909	0.118048
0.671044	-1.888540	2.481441	10.826588	0.454545	2.475090
0.671167	-1.747575	2.476326	11.089655	0.454545	1.973382
0.671288	-1.987399	2.429289	10.830034	0.454545	28.271440
0.671335	-1.908579	2.414499	10.888788	0.363636	4.728815
0.671594	-5.472830	-9.997302	9.115610	0.454545	0.143513
0.672015	-5.614265	-10.018319	9.022512	0.454545	4.460568
0.672094	-5.629724	-9.956159	8.952686	0.454545	12.052380
0.673247	-4.933525	-10.103386	9.656978	0.454545	0.433544
0.673353	-5.738250	-10.299318	9.330946	0.454545	0.172121
0.673591	1.211868	-9.405501	8.742436	0.272727	0.205979
0.673677	-7.916940	-3.788733	7.672503	0.272727	2.650517
0.673911	1.365605	-9.490791	9.291816	0.363636	8.132828
0.674623	1.420676	-10.419747	8.908132	0.363636	0.425124
0.674751	-8.001678	-4.063505	7.877583	0.272727	0.002364
0.674919	-7.603670	-4.202504	7.654856	0.272727	30.869141
0.675216	1.245611	-9.319990	8.975372	0.272727	9.433297
0.675328	-4.908957	-9.910789	9.414829	0.272727	1.602182
0.675443	-2.004429	2.624109	10.068476	0.090909	4.433047
0.675614	-5.930925	-10.500700	9.338718	0.363636	0.036409
0.675942	-5.743995	-10.498253	9.299898	0.363636	2.758525
0.676174	-6.759063	-1.738669	9.826425	0.272727	41.742553
0.676758	1.228745	-9.450537	9.264309	0.181818	3.086824
0.677268	-6.105568	-10.564417	9.578438	0.272727	0.054846
0.677624	-7.942176	-4.196166	7.972177	0.454545	0.186187
0.678174	-8.024271	-3.476152	8.332521	0.545455	6.757397
0.678464	1.276086	-9.174986	9.301742	0.272727	3.925819
0.678875	-8.447798	-4.200725	8.202027	0.454545	4.997803
0.678987	-7.836410	-3.308465	7.840133	0.454545	1.903052
0.679478	-6.324424	-10.686958	9.592537	0.272727	1.568910
0.679770	-8.349450	-4.153354	7.687135	0.454545	1.372518
0.679914	1.233101	-9.047441	9.235418	0.181818	1.263680
0.680214	2.669277	-4.596704	4.697311	0.090909	2.250576
0.680992	-6.454123	-10.440763	9.237010	0.363636	0.131045
0.681140	-6.501748	-10.672724	9.111816	0.363636	1.389288
0.681814	-8.010796	-3.113644	7.954778	0.454545	10.307270
0.683422	-8.479383	-4.176706	8.029578	0.454545	0.511696
0.683561	-6.519290	-10.997203	9.628185	0.363636	1.004415
0.683908	-8.717089	-4.061615	7.831528	0.454545	0.855158
0.684382	1.209411	-8.869634	8.956595	0.090909	0.001509
0.684565	-8.792416	-4.107206	8.128131	0.545455	9.117847
0.684810	-8.047817	-2.941063	8.031993	0.454545	1.657455
0.684905	-6.572307	-10.898236	9.650275	0.363636	0.554667
0.685215	-9.377867	-4.607490	13.666363	0.090909	1.005715
0.685471	1.975192	-3.709670	4.244387	0.090909	0.912660
0.685673	-8.739218	-4.151352	7.695203	0.454545	0.043439
0.685767	-6.508539	-10.909689	9.646681	0.454545	2.210713
0.687478	-6.301970	-11.026226	9.946703	0.454545	0.400670
0.687824	-6.682402	-10.857426	9.489795	0.454545	3.542643
0.688077	-8.570174	-4.417563	8.263576	0.363636	2.372172
0.688260	-8.005710	-2.984764	8.150584	0.454545	1.383750
0.690187	-6.335676	-11.175900	10.197160	0.636364	2.363146
0.690281	-8.116576	-2.894026	8.265216	0.454545	1.103217
0.690553	-6.260836	-10.969514	9.867976	0.454545	0.241020
0.690654	-6.285315	-10.839634	9.545374	0.363636	2.552862
0.691204	-8.587300	-4.578467	8.673180	0.636364	0.042501
0.691389	-6.206393	-10.986973	9.643254	0.363636	3.021383
0.692370	-8.320736	-4.573908	9.278848	0.636364	11.929608
0.694787	-8.321844	-4.987235	8.949573	0.636364	1.519967
0.695424	-8.419053	-4.760945	9.157386	0.727273	0.000840
0.695640	-8.414169	-4.891270	8.735530	0.818182	0.403398
0.695950	-8.446823	-5.180721	8.880161	0.727273	0.115121
0.696591	0.934640	-4.137564	4.570176	0.181818	15.840297
0.697293	-8.337548	-4.875813	9.145340	0.727273	0.000166
0.697643	-8.508504	-5.131904	8.964614	0.727273	0.909364
0.697736	-8.703908	-5.229871	9.433783	0.636364	4.666652
0.697997	1.536705	-5.101992	5.307494	0.181818	0.105529
0.698306	-8.344376	-4.931413	9.294374	0.454545	0.516056
0.699758	-6.498745	-10.614567	10.076948	0.272727	1.491088
0.700144	-8.478299	-5.332174	8.362295	0.454545	0.000923
0.700288	-5.101816	-6.564480	5.450444	0.181818	2.291640
0.700909	-6.636234	-11.081158	10.540759	0.545455	0.652061
0.701214	6.375279	-18.183989	4.868048	0.090909	27.639699
0.701704	-6.524570	-10.613344	10.364263	0.727273	0.372571
0.701785	-6.394901	-10.952723	10.675448	0.636364	0.256932
0.702430	-6.608812	-11.049466	10.367788	0.636364	3.786118
0.702854	-6.116067	-10.744781	10.184528	0.727273	3.179572
0.702928	-6.572000	-11.094057	10.413437	0.636364	8.647427
0.703073	-2.612169	-9.919463	10.115279	0.636364	28.263146
0.703291	-8.955311	-5.486629	9.151308	0.454545	2.959728
0.703443	-9.585119	-5.680894	10.613539	0.454545	12.656092
0.703640	-6.891647	-11.470354	10.959956	0.363636	4.152949
0.705440	-9.118052	-5.687899	9.534049	0.545455	2.737420
0.705510	-9.166030	-5.634635	9.613648	0.636364	0.123601
0.707081	-9.058052	-5.745278	9.848189	0.636364	3.879033
0.707709	-4.890753	-6.450168	5.620286	0.363636	1.184709
0.708417	-4.766872	-6.445609	5.568963	0.454545	0.318049
0.708604	-9.205588	-5.912298	9.817891	0.545455	0.804196
0.709038	-9.410784	-5.998589	10.309390	0.454545	1.928084
0.709318	-4.732399	-6.510215	5.703775	0.454545	0.240273
0.709501	-4.217312	-6.108898	4.878616	0.545455	22.487894
0.709842	-0.243174	-6.299382	5.401807	0.636364	1.137564
0.709945	-6.972538	-9.265057	12.763287	0.363636	27.738416
0.711437	-0.122915	-3.741584	4.943212	0.454545	1.194249
0.712074	-9.250946	-6.035729	9.717092	0.454545	0.387192
0.712558	1.560471	-5.088203	5.352678	0.454545	0.516100
0.712641	1.131369	-3.791846	5.097990	0.545455	0.818517
0.712763	-9.261770	-6.060749	9.657149	0.454545	0.224249
0.713052	-9.345389	-6.080098	9.699095	0.545455	0.503834
0.713482	-9.319697	-6.150598	10.100249	0.636364	0.010353
0.714039	0.544497	-4.055721	5.049071	0.363636	0.738067
0.714337	0.458583	-4.838117	4.940656	0.272727	0.072240
0.714449	-9.251842	-6.157826	9.995524	0.636364	4.009571
0.714619	-9.415021	-6.086547	10.085427	0.545455	2.004025
0.714709	-9.202168	-6.172170	9.775412	0.454545	3.118043
0.715914	-6.856821	-11.064367	11.566832	0.181818	1.115938
0.716045	-9.228855	-6.233552	9.689869	0.454545	0.941165
0.716135	-16.273757	-9.235701	15.854259	0.090909	6.368497
0.716462	-7.241680	-12.038470	11.866491	0.363636	0.108958
0.717828	-0.685834	-3.561108	4.261953	0.181818	0.011146
0.718402	-9.269111	-6.210534	9.400089	0.363636	0.628318
0.720067	-6.991333	-12.038025	11.315712	0.272727	1.777464
0.720967	-9.456488	-6.448500	9.530803	0.454545	1.228848
0.721403	-6.551930	-11.022779	11.029960	0.272727	0.787691
0.721944	0.882451	-4.223854	5.245147	0.181818	20.277302
0.722704	-9.511851	-6.628976	9.372065	0.727273	1.335759
0.723088	-9.607395	-6.629309	9.348545	0.727273	3.329954
0.724630	-9.576529	-6.985479	9.117713	0.818182	0.337107
0.724686	-9.782644	-6.646211	9.150672	0.818182	0.484700
0.725349	-9.374798	-6.958236	9.125020	0.909091	1.515970
0.725765	-9.289162	-7.018505	8.907169	0.909091	1.102532
0.726655	-9.425294	-7.096678	9.090189	0.909091	0.829946
0.726940	-9.461777	-7.169625	9.199379	0.909091	0.391416
0.727543	-9.489142	-7.471085	9.116591	0.909091	1.027293
0.728612	-9.592056	-7.666906	9.303930	0.909091	0.172274
0.728936	-5.658495	-5.957000	5.485016	0.181818	14.084350
0.730532	-9.948476	-7.757533	9.237350	0.909091	0.348355
0.730635	-9.877026	-7.668797	8.921779	0.909091	6.211452
0.731091	-10.204321	-7.858057	9.278744	0.909091	0.727836
0.731225	-9.109391	-8.108588	8.212510	1.000000	6.284125
0.731281	-10.193882	-7.683253	8.903139	0.909091	21.043470
0.732734	-10.299871	-7.681251	9.428015	1.000000	2.314610
0.735488	-10.534247	-7.554818	9.444812	1.000000	0.337308
0.735763	-10.542786	-7.486319	9.188221	1.000000	1.175624
0.735926	-10.654607	-7.412150	9.425689	1.000000	1.099727
0.738430	-10.515324	-7.554818	10.070877	1.000000	4.453480
0.738541	-8.699183	-6.342861	8.247761	1.000000	42.499855
0.738665	-10.478846	-7.499330	9.347058	1.000000	0.529240
0.738741	-10.417081	-7.396137	9.213355	1.000000	10.940909
0.739894	-10.709835	-7.322412	9.120848	1.000000	1.654311
0.739989	-10.376284	-7.456740	9.690084	1.000000	1.975353
0.740752	-10.598858	-8.091909	9.402090	1.000000	0.015771
0.740837	-10.093455	-8.709174	9.615684	1.000000	1.702040
0.741733	-10.083565	-8.510795	9.396731	1.000000	2.490453
0.742043	-11.015591	-7.330752	9.403525	1.000000	3.665421
0.742354	-10.753541	-7.129482	8.995946	1.000000	7.194145
0.742478	-10.554044	-9.178211	9.952864	1.000000	22.557305
0.742756	-11.039786	-7.423158	9.636918	1.000000	2.468551
0.744555	-10.273310	-8.938244	10.190123	1.000000	0.053103
0.744907	-10.154295	-8.822152	10.161864	0.909091	0.398593
0.745673	-10.091811	-8.955257	10.248565	0.818182	5.279523
0.746588	-10.225339	-9.192556	10.036352	0.818182	4.034764
0.746705	-10.110543	-8.944471	10.034446	0.727273	0.670157
0.746828	-10.205141	-8.896322	10.082700	0.636364	1.030022
0.747961	-5.984390	-3.621378	7.300752	0.454545	15.608265
0.748096	-5.903075	-3.471149	8.557666	0.545455	1.544596
0.749078	-10.797318	-7.404699	8.948470	0.454545	0.527733
0.749544	-6.032379	-3.898486	7.171342	0.545455	31.678315
0.749741	-6.348415	-3.590687	8.490667	0.636364	19.625643
0.749879	-5.936641	-3.521188	7.351909	0.636364	0.142363
0.750251	-5.805609	-3.851782	7.216992	0.636364	0.453999
0.750949	-10.527454	-8.965376	10.227040	0.363636	1.887360
0.751289	-10.599188	-9.048331	10.463504	0.272727	0.007848
0.751452	-5.940785	-3.356169	7.182107	0.727273	9.908541
0.751529	-10.682818	-9.059895	10.166631	0.272727	0.943383
0.752031	-5.537202	-3.885253	7.373325	0.636364	3.732659
0.752402	-5.747300	-3.332928	7.101693	0.636364	1.195196
0.752980	-5.577516	-4.065952	7.351031	0.727273	0.766745
0.753069	-5.812701	-3.880361	6.788057	0.727273	28.805206
0.753617	0.896931	-4.948871	5.919255	0.181818	25.814180
0.753721	-5.867786	-3.894038	6.756016	0.818182	0.004877
0.753957	-5.654183	-3.289783	7.083062	0.818182	0.053298
0.754864	-5.283190	-4.076849	7.403331	0.727273	15.904947
0.755107	-0.900424	-6.587054	5.423885	0.272727	9.249434
0.755647	-5.149992	-4.380422	7.235291	0.636364	3.470600
0.755927	-5.420157	-3.265987	7.171280	0.727273	0.998371
0.756702	-5.778750	-3.160348	6.816179	0.727273	4.511559
0.756857	-24.259056	-8.443408	28.200756	0.090909	41.812465
0.757116	-5.099042	-4.147794	6.062988	0.727273	20.384070
0.757184	-8.324537	-3.648400	15.717420	0.090909	1.477251
0.757614	-5.167470	-4.214402	7.881366	0.727273	0.168723
0.757868	-5.711482	-2.593011	8.962446	0.727273	2.691762
0.758310	-5.158089	-4.692669	7.657211	0.636364	9.687569
0.758406	6.640619	-11.547638	6.471454	0.090909	0.123270
0.759295	-5.176081	-3.295565	7.020686	0.545455	5.527154
0.759418	-5.363406	-4.648412	7.165559	0.636364	1.145903
0.759531	-5.502698	-4.809984	7.570416	0.636364	0.389237
0.759833	-10.123499	-3.889145	22.569223	0.090909	1.406128
0.760051	-11.081889	-9.347011	10.499749	0.272727	0.160719
0.760165	-10.650289	-9.243929	10.900911	0.272727	0.287593
0.760457	-4.987702	-4.651303	7.662195	0.636364	1.256140
0.760780	-5.516020	-5.117226	7.551562	0.636364	10.235679
0.760880	-10.421880	-9.057449	10.538004	0.272727	1.139287
0.761138	-5.452759	-2.867672	7.511294	0.636364	0.175026
0.762117	-4.775010	-3.505620	7.203788	0.636364	0.323347
0.762179	-5.586403	-5.159927	7.204581	0.727273	0.692246
0.762541	-4.909249	-3.635056	7.798077	0.727273	6.702074
0.762642	-4.867812	-4.906504	7.572621	0.727273	0.728307
0.762867	-11.141985	-9.284851	10.465815	0.181818	0.275171
0.762988	-11.076419	-9.235256	10.216717	0.181818	1.614649
0.763094	-5.424637	-5.305708	7.508481	0.818182	4.248674
0.763264	-4.769911	-3.233628	7.913727	0.727273	19.688571
0.763527	-4.844824	-3.537201	7.539729	0.727273	0.056659
0.763698	-4.826476	-3.585572	7.477074	0.727273	0.142096
0.763917	-5.769970	-5.624293	7.559637	0.818182	11.067657
0.764020	-5.781110	-5.157258	7.292584	0.818182	38.876753
0.764082	-11.357545	-9.322102	10.529188	0.272727	24.597141
0.764631	-5.264244	-5.369314	7.719495	0.727273	5.001400
0.764868	-4.680965	-3.080173	7.492043	0.727273	1.414227
0.765155	-4.819865	-3.612038	7.620837	0.727273	3.230968
0.765252	-11.123591	-9.234700	10.318621	0.272727	1.403051
0.765419	-11.174601	-9.262277	10.447717	0.272727	0.320255
0.765508	-5.794291	-5.605056	7.005759	0.818182	2.110943
0.766142	-5.692622	-5.678336	7.335111	0.818182	0.018221
0.766215	-4.853370	-3.046035	7.858460	0.727273	0.341298
0.766472	-4.832200	-2.988879	7.737920	0.727273	1.179984
0.766583	-6.350981	-4.317595	4.194388	0.818182	0.023243
0.767246	-4.969721	-3.211944	7.958315	0.909091	6.366007
0.767401	-5.299406	-5.451379	7.572610	0.909091	0.177075
0.768579	-11.477586	-9.582085	10.664959	0.090909	1.890891
0.769002	-5.833504	-5.823673	7.262643	0.909091	0.045448
0.769414	-5.650765	-5.980463	7.287729	0.818182	0.019888
0.769730	-5.565060	-6.149486	7.166536	0.818182	2.867207
0.770125	-5.201207	-2.453234	7.667272	0.818182	0.694607
0.771545	-4.811641	-2.760587	7.995608	0.818182	1.422717
0.773547	-5.030092	-5.670218	7.444673	0.909091	0.436865
0.774068	-1.401829	-1.536510	2.778132	0.090909	42.748458
0.774320	-5.696193	-6.419143	7.603433	0.909091	0.295427
0.774850	-6.203857	-5.923974	7.542377	0.909091	0.017823
0.774952	-4.975673	-5.731378	7.562863	0.909091	0.403328
0.776160	-5.729121	-6.500874	7.620858	0.909091	0.834100
0.776267	-5.745078	-6.560477	7.600975	0.909091	0.829633
0.777287	-6.448007	-6.588054	7.117987	1.000000	1.179672
0.777625	-6.195180	-6.484195	7.425406	1.000000	0.663369
0.778171	-6.534223	-6.012711	7.929836	1.000000	0.987809
0.778323	-4.867266	-2.335363	8.001174	1.000000	0.970366
0.778624	-6.504764	-5.717812	7.662717	1.000000	0.000298
0.779223	-6.546616	-5.720814	7.650069	1.000000	0.034935
0.779306	-4.986035	-2.131424	7.970170	1.000000	4.966632
0.779416	-6.566718	-6.741175	7.249511	0.909091	0.217964
0.779645	-5.043735	-2.188580	7.928356	0.909091	0.782193
0.779938	-6.596919	-6.738173	7.002193	0.909091	1.618210
0.780142	-4.895439	-2.080495	7.963593	0.636364	0.590378
0.780359	-6.561141	-6.787879	7.407165	0.909091	0.001574
0.780980	-6.790564	-5.510537	6.829105	1.000000	4.035662
0.781223	-6.775947	-6.904193	7.212556	0.727273	0.940719
0.781287	-6.853636	-5.689233	7.535707	1.000000	0.256135
0.782127	-6.882402	-5.588376	7.391063	0.909091	0.493610
0.782238	-6.669696	-5.578035	7.198584	0.909091	1.504113
0.782916	-6.915243	-5.679782	7.409499	0.909091	0.387466
0.782997	-5.262804	-2.090725	7.857649	0.727273	0.078997
0.783319	-5.291026	-2.034458	8.010048	0.818182	1.740402
0.783537	-11.807832	-10.103497	11.630931	0.090909	0.418220
0.783815	-6.804945	-7.197869	8.015172	0.363636	4.820175
0.784401	-5.397998	-1.990646	7.717991	0.727273	30.917176
0.784672	-5.924879	-6.845480	8.382206	0.545455	2.013230
0.784898	-4.748891	-1.871107	7.880370	0.636364	0.070923
0.785613	-4.702858	-1.885674	7.774216	0.545455	0.673871
0.785792	-4.503266	-1.579766	7.501013	0.545455	27.340795
0.786046	-0.990939	-4.839785	4.819575	0.090909	4.382653
0.786759	-5.506288	-1.998652	8.053251	0.818182	3.189173
0.786923	-7.260727	-5.818002	7.397793	0.818182	0.078020
0.787303	-6.776988	-7.220109	8.206903	0.545455	7.129444
0.787591	-7.436329	-5.561688	6.923977	0.909091	7.054243
0.788371	-4.576079	-1.713872	7.659702	0.636364	1.309390
0.788579	-7.290160	-5.511538	7.203882	1.000000	0.002551
0.789045	-7.036391	-7.169958	7.777716	0.727273	1.981143
0.789142	-7.089105	-7.300395	7.921047	0.636364	0.004689
0.789457	-4.522006	-1.614460	7.577478	0.727273	4.806588
0.790048	-5.627619	-1.661608	7.513739	0.818182	2.154289
0.790179	-7.406928	-5.699575	7.700706	0.818182	1.041321
0.790443	-7.407573	-5.682006	7.810353	0.909091	0.744250
0.790598	-5.544005	-1.579988	7.600789	0.909091	1.700501
0.790764	-5.532739	-1.614015	7.185544	1.000000	0.144763
0.790950	-4.564662	-1.509822	7.592594	0.636364	16.981816
0.791049	-7.495789	-5.055288	7.302782	1.000000	23.179355
0.791328	-7.581179	-5.571696	7.938816	0.909091	0.448905
0.792505	-5.532886	-1.476017	7.594388	1.000000	1.053284
0.792946	-7.567189	-5.550346	7.702027	0.909091	2.508378
0.793664	-5.495211	-1.378496	7.651452	0.909091	0.647116
0.793893	-5.477018	-1.303326	7.599332	0.909091	1.148087
0.794030	-7.753330	-5.090316	7.449024	0.909091	2.637380
0.794869	-5.752594	-1.368154	7.858622	0.818182	16.690563
0.795030	-6.724192	-5.758622	5.741931	0.909091	2.778868
0.795443	-7.108874	5.505385	19.298752	0.090909	7.622554
0.795624	-7.877722	-5.225979	6.985768	0.909091	0.112808
0.795715	-7.547059	-7.733848	8.490275	0.727273	8.728762
0.795886	-7.758228	-5.218973	6.490010	0.818182	14.969054
0.796057	-5.349576	-1.105280	6.554195	0.818182	2.331648
0.796455	-7.848780	-4.872922	7.321869	0.909091	0.004020
0.796646	-7.335996	-5.201960	4.654017	0.727273	45.038746
0.796790	-7.693121	-5.332174	6.743443	0.727273	0.548830
0.796980	-4.404721	-1.382499	7.414336	0.545455	0.701989
0.797683	-4.372943	-1.379274	7.566407	0.545455	1.148573
0.798884	-8.049696	-4.791747	7.155631	0.818182	1.233247
0.799073	-4.130294	-1.443325	7.515295	0.363636	17.244398
0.799200	-7.973168	-5.690679	8.132516	0.636364	0.112621
0.799693	-7.614935	-7.527574	8.063373	0.636364	4.377421
0.799942	-5.717148	-0.930809	7.804818	0.636364	1.142442
0.800109	-7.635232	-7.464858	8.143475	0.727273	0.126449
0.800435	-8.085965	-4.822104	7.234542	0.909091	16.753118
0.800605	-8.025300	-4.622280	6.905615	1.000000	0.189086
0.801371	-7.730152	-7.527685	8.303307	0.727273	4.400509
0.801976	-5.782532	-0.822168	7.955057	0.545455	0.568441
0.802534	-7.673697	-7.378679	8.186718	0.636364	4.326378
0.803144	-8.175189	-5.779082	7.830323	0.636364	1.762863
0.803197	-5.917818	-0.755893	8.003610	0.545455	0.444516
0.803249	-8.118910	-5.825230	7.996092	0.545455	0.001912
0.803712	-5.881718	-2.183687	10.271443	0.727273	45.503443
0.804290	-3.823906	-1.528615	7.057489	0.545455	5.854429
0.804934	-6.072936	-0.640914	7.992593	0.636364	0.156152
0.804976	-14.183673	1.005053	29.884922	0.090909	2.523443
0.806899	-7.902138	-7.294612	8.154527	0.181818	2.221211
0.807101	-6.091911	-0.527935	8.032838	0.818182	0.562815
0.808187	-6.181886	-0.398722	8.267593	0.727273	2.605484
0.808375	-6.103828	-0.496021	7.879550	0.727273	0.299045
0.808682	-6.160833	-0.420517	8.095367	0.727273	2.415299
0.810859	-3.440551	-1.137083	7.167644	0.818182	2.075631
0.810935	-6.233757	-0.297754	8.344268	0.727273	0.925094
0.811099	-8.090072	-7.317630	7.904430	0.090909	9.466561
0.811522	-3.575754	-1.075368	7.187628	0.818182	10.465046
0.811583	-3.493191	-1.079371	7.113478	0.818182	0.769496
0.812297	-1.305801	-0.892001	4.456350	0.454545	6.350305
0.812423	15.219120	-27.996182	108.193297	0.090909	32.594691
0.813503	-3.319562	-0.950936	7.312357	0.818182	0.918882
0.814434	-6.538250	0.069648	8.773337	0.818182	4.600898
0.814763	-6.363427	0.114238	8.724216	0.818182	1.398924
0.814959	-6.413826	0.150600	8.590916	0.818182	0.374679
0.815075	-6.409455	0.126025	8.772174	0.818182	3.358070
0.816359	-3.295645	-1.142754	7.490941	0.909091	2.519252
0.817473	-6.778836	0.632870	8.882294	0.909091	0.942095
0.818551	-6.770437	0.669343	8.738702	0.909091	31.504076
0.819987	-6.989847	0.741845	8.798452	0.909091	2.019480
0.820266	-8.448408	-6.912422	8.486178	0.090909	0.199041
0.820842	-6.683954	1.254917	8.754396	0.909091	0.038616
0.821329	-6.634410	1.452629	8.631839	0.909091	8.881551
0.821582	-6.510622	1.048977	8.996253	0.909091	0.020729
0.821787	-6.741313	1.361779	8.800564	0.909091	0.531540
0.822391	-6.447247	1.094457	8.805990	0.909091	0.963475
0.822740	-6.610187	1.446401	8.847245	0.909091	1.894998
0.823170	-5.849633	-0.845853	5.289776	0.909091	25.150982
0.823269	-5.897662	-1.282865	4.950181	0.818182	0.512913
0.823398	-6.967158	1.657123	8.718386	0.818182	0.552227
0.823897	-6.650726	1.698934	9.038573	0.636364	1.830595
0.824070	-8.437651	-6.825798	8.268484	0.090909	0.387317
0.824680	-2.381099	-1.090824	6.948378	0.363636	3.015905
0.825622	-6.896798	1.696933	8.651600	0.636364	17.513522
0.826467	-6.634537	1.904986	8.885885	0.636364	5.751515
0.826692	-2.296684	-1.192127	6.752844	0.272727	10.866964
0.826988	-7.114248	1.745638	8.618871	0.636364	3.665061
0.827111	-6.456923	1.985160	9.376771	0.636364	1.117812
0.827252	-2.381373	-1.045566	6.872848	0.272727	0.884917
0.827498	-7.102452	1.900538	8.521871	0.727273	3.042998
0.827935	-7.006801	2.056439	8.256678	0.727273	23.707926
0.827982	-7.161969	1.956805	8.666245	0.818182	3.074458
0.828144	-2.308880	-1.095050	6.994099	0.181818	7.436166
0.828302	-7.357476	2.119600	8.599326	0.818182	23.814125
0.828566	-7.172801	2.143619	8.681310	0.909091	2.842330
0.829141	-6.232024	1.926225	8.958624	0.909091	0.387007
0.829541	-6.253359	1.929450	8.873234	0.818182	3.280789
0.830329	-6.246853	1.879966	8.806922	0.818182	1.892674
0.830572	-6.836842	2.358789	11.442191	0.818182	3.519690
0.830672	-6.304795	1.913771	8.933345	0.909091	0.973855
0.830875	-6.169323	1.911213	9.057450	0.909091	0.000857
0.831235	-1.952341	-1.043676	7.409983	0.181818	17.901814
0.831674	-7.434961	2.455309	8.919244	0.727273	1.321006
0.831730	-2.042382	-0.369255	9.279641	0.636364	31.535216
0.832673	-5.942886	2.002062	9.234039	0.727273	0.617284
0.832787	-5.998608	1.983603	9.320732	0.636364	0.245775
0.833039	-5.885865	2.001395	9.283542	0.545455	0.874344
0.833155	-14.166503	9.395345	30.742688	0.090909	27.310093
0.833815	-7.525871	2.516580	8.971911	0.454545	1.401162
0.835117	-1.691970	-0.967171	6.868360	0.181818	22.191153
0.836226	-2.191972	-0.640024	12.636516	0.090909	19.382228
0.836236	1.514460	-34.529119	148.307667	0.090909	11.107496
0.836328	-5.725756	2.451306	9.204569	0.545455	3.144499
0.836895	-1.533814	-0.721199	7.113272	0.181818	1.398236
0.837362	-5.760703	2.422728	9.341148	0.545455	3.693368
0.837810	-7.661889	2.780455	8.967820	0.636364	0.104162
0.838196	-5.827396	2.481886	9.751188	0.727273	2.649712
0.838390	-7.679537	2.918675	9.318237	0.727273	0.863590
0.838866	-7.593631	2.692941	8.779751	0.636364	40.016633
0.839059	-0.712390	-0.827950	7.485813	0.363636	36.276368
0.839399	-7.611265	2.867301	8.986474	0.545455	0.851157
0.839908	-7.636665	2.955371	9.132835	0.454545	3.145258
0.840113	-0.202947	-1.236606	7.569625	0.636364	34.579084
0.840492	-0.400324	-1.503372	7.090615	0.727273	5.483845
0.840856	-1.018920	-1.636811	6.471039	0.727273	0.778046
0.841101	0.134763	-0.928029	6.043590	0.636364	8.225090
0.841343	-0.369200	-1.545183	6.716601	0.727273	25.062680
0.841666	-0.270793	-1.594444	6.456205	0.727273	1.408109
0.841728	-0.147131	-1.690743	6.790845	0.636364	0.694747
0.841840	-6.002388	-3.050372	7.921858	0.090909	1.524925
0.842137	-7.832402	2.976054	9.360366	0.363636	1.596293
0.842491	-0.255793	-1.889900	6.872939	0.454545	5.864229
0.842961	-9.163654	2.822488	10.491704	0.454545	8.549942
0.843292	-7.555240	12.102038	84.210432	0.090909	45.939615
0.843303	-5.820793	2.751543	9.756553	0.545455	4.567365
0.843601	-7.566164	3.368364	9.071978	0.545455	2.974723
0.844287	-0.277501	-1.476685	8.461002	0.272727	8.496683
0.844427	-5.825826	2.745983	9.761637	0.545455	1.095319
0.844552	-5.745615	3.038103	9.881283	0.545455	32.071442
0.844713	-0.039312	-2.184132	6.770027	0.272727	4.362225
0.844815	-0.990391	-8.766552	19.011173	0.090909	13.251736
0.845001	-5.883509	2.709399	9.882658	0.363636	1.334430
0.845008	17.661593	-36.992509	139.931835	0.090909	40.375916
0.845166	-7.660731	3.595321	9.176834	0.454545	3.728519
0.845639	0.394289	-1.038005	5.945186	0.363636	23.838003
0.845760	14.226439	-28.387603	41.489704	0.090909	0.436053
0.845790	-0.295859	-1.458003	7.751188	0.454545	0.650426
0.846121	-7.942028	3.056006	9.151864	0.363636	4.648288
0.846225	-7.982646	3.064902	9.318584	0.454545	0.493961
0.846441	0.388043	-0.902565	7.056178	0.545455	15.628720
0.847210	-0.100721	-1.425867	7.744817	0.545455	0.957917
0.847702	-0.236321	-2.233616	10.015272	0.636364	20.233375
0.848482	-8.169604	3.132177	9.432200	0.363636	0.277545
0.848810	-8.203601	3.154083	9.469466	0.363636	0.187722
0.849190	0.821772	-1.887120	7.162789	0.636364	0.953018
0.849390	-0.665190	-2.176126	6.740676	0.636364	1.004689
0.849559	-0.611882	-2.096396	6.469230	0.636364	0.233891
0.849744	-0.641239	-2.153997	6.714105	0.636364	0.580181
0.849816	-7.648391	3.943040	9.237153	0.272727	5.265343
0.849893	-7.525675	3.993858	8.932311	0.181818	0.232139
0.849982	0.844173	-0.547729	7.549347	0.727273	1.033164
0.850416	0.760633	-1.728328	6.835896	0.727273	4.318610
0.850633	0.796232	-1.741449	7.409221	0.727273	6.107899
0.850733	0.834539	-1.873220	7.595839	0.727273	36.488506
0.851045	1.237025	-1.807613	8.114837	0.818182	48.782460
0.851436	-7.589047	4.181117	8.867780	0.090909	0.723887
0.851563	0.788722	-0.393607	7.608284	0.909091	0.873380
0.851680	0.827080	-1.789154	7.648030	0.909091	1.070899
0.851801	0.863519	-1.832410	7.706473	0.909091	0.037144
0.851954	0.906597	-0.334338	7.378016	0.818182	1.882947
0.852075	1.024821	-1.624913	7.760095	0.818182	1.159762
0.852379	1.076732	-1.696636	7.748969	0.909091	1.488198
0.852543	0.955701	-0.255609	7.212516	0.909091	1.294841
0.853074	1.111200	-1.489917	7.400377	0.909091	21.619060
0.853237	-7.496184	4.373824	9.112316	0.181818	0.437778
0.853783	1.317443	-1.724658	7.711391	0.818182	0.052288
0.853920	1.195999	-1.436431	7.562855	0.818182	26.224754
0.854188	1.109167	-0.143298	7.870766	0.818182	1.290467
0.855227	1.482765	-1.766803	7.872469	0.727273	5.746937
0.855351	-7.474377	4.634586	9.022639	0.272727	2.072645
0.855897	1.434369	-0.082139	7.943629	0.727273	3.808527
0.856343	1.553003	-0.242043	8.838825	0.636364	43.489048
0.856486	1.555232	-0.142965	7.963068	0.636364	1.994975
0.856972	1.750494	-6.896854	4.361842	0.090909	30.349504
0.857131	-7.611338	4.834299	8.950108	0.181818	2.045992
0.857344	1.671235	-0.045999	8.004622	0.636364	0.029412
0.857650	1.954260	1.517458	15.032245	0.090909	14.079494
0.858196	1.590758	-1.588884	8.035385	0.636364	21.086414
0.858414	1.857578	0.177844	8.346254	0.636364	3.256160
0.858723	2.254328	-1.307440	6.179316	0.727273	9.390256
0.858846	-7.848033	4.886118	9.247815	0.090909	0.937211
0.859084	1.886004	0.123245	8.280338	0.818182	2.305686
0.859192	1.874259	0.164278	8.316668	0.818182	1.223239
0.859312	1.996698	0.173063	8.358352	0.727273	5.581821
0.859485	1.821607	-1.790488	8.001573	0.727273	1.135869
0.859651	1.868943	-1.736890	7.896666	0.636364	0.309578
0.860223	1.445008	-1.558305	7.982377	0.727273	0.480545
0.860515	-7.834088	5.046355	9.238638	0.272727	6.413752
0.860841	-7.541289	4.815840	8.924987	0.272727	0.547437
0.861001	1.654713	-1.909916	9.180503	0.727273	17.533920
0.861137	-7.355910	5.044131	8.846368	0.363636	20.273085
0.861454	2.144016	0.186406	8.319476	0.636364	1.073896
0.862444	2.339124	0.293491	8.451923	0.636364	2.690608
0.863238	2.066644	-1.275748	7.443561	0.636364	32.681897
0.863364	2.495819	-0.170097	8.379955	0.636364	24.736128
0.864273	-7.608825	5.307117	9.048506	0.272727	1.435762
0.864599	2.346846	0.392347	8.296028	0.636364	1.932241
0.864844	2.205355	-1.699750	8.125710	0.636364	3.566161
0.864933	-5.367734	4.375826	101.477874	0.090909	0.603344
0.865098	-7.504985	5.472692	9.184312	0.272727	0.918111
0.865379	2.311335	0.471854	8.400721	0.545455	1.053535
0.865473	5.771911	-5.465946	11.498125	0.090909	1.489804
0.865612	2.699367	0.238225	8.641710	0.545455	10.100736
0.866211	-7.370287	5.458347	8.697954	0.272727	2.654050
0.866666	2.831675	0.294492	8.817603	0.545455	1.782805
0.867297	2.982631	0.273809	8.819390	0.545455	0.615095
0.867326	-7.064782	5.329468	8.392398	0.363636	7.669338
0.867953	2.596788	-1.265518	8.381865	0.636364	0.755737
0.868063	2.439396	-1.282865	8.473115	0.636364	9.946518
0.868666	-7.142165	5.668069	8.740517	0.272727	0.193172
0.868761	-7.339059	5.761364	8.671597	0.272727	1.599376
0.869057	3.149622	0.203976	9.124405	0.727273	0.122796
0.869144	3.048479	0.470297	9.063206	0.818182	3.377818
0.869871	3.215411	0.183849	9.001308	0.727273	1.702495
0.870012	3.226434	0.013826	9.004479	0.636364	0.192901
0.870797	2.613469	-1.263850	8.618669	0.636364	0.735517
0.871306	2.512504	-0.938037	8.438316	0.727273	0.269732
0.871944	2.584860	-1.261404	8.844014	0.727273	0.671204
0.872036	3.477499	0.349980	16.612870	0.090909	25.901769
0.872738	-7.377224	6.082841	8.389906	0.181818	0.585687
0.872886	-0.093747	-4.511303	33.631048	0.090909	21.541035
0.873694	3.603101	0.376112	9.730240	0.636364	4.923220
0.873876	3.415851	-0.394830	9.452846	0.636364	4.700472
0.873995	2.552804	-1.269855	8.755817	0.636364	0.114405
0.874515	-7.617745	6.322029	8.109066	0.272727	1.879665
0.874641	3.518165	-0.386602	9.209033	0.727273	0.182904
0.875091	3.695424	-0.018533	9.555000	0.727273	1.996260
0.875324	3.817308	0.445166	9.540699	0.636364	0.028608
0.875469	3.612775	0.468518	9.161748	0.636364	4.609259
0.875757	-7.333219	6.430226	8.109070	0.363636	0.893671
0.876074	3.721352	-0.142965	9.741723	0.636364	0.014444
0.876460	-7.515961	6.967762	8.169785	0.272727	1.581692
0.876605	-7.475357	6.701329	8.001483	0.363636	25.123562
0.876699	3.903177	0.659447	9.061392	0.545455	1.626366
0.876990	3.737547	-0.046889	9.430118	0.545455	1.777321
0.877458	-9.808814	-17.223008	107.514395	0.090909	10.128736
0.877485	2.495516	-1.443103	9.206438	0.545455	31.213059
0.877613	-8.484207	7.046602	8.271270	0.363636	4.116842
0.878245	3.787003	0.559812	9.625771	0.545455	0.455544
0.878581	3.822562	0.742623	9.884074	0.454545	13.420612
0.878694	4.146716	0.361434	9.408592	0.363636	3.523528
0.879147	-6.916010	6.650289	8.069405	0.454545	4.272418
0.879441	-7.019334	7.111097	8.531582	0.545455	0.457651
0.879577	-7.669219	7.132002	7.828227	0.545455	2.280989
0.879798	-4.367850	-5.285804	3.008926	0.090909	7.986442
0.880151	3.705811	-1.232937	19.388806	0.090909	18.934150
0.880273	-7.923212	6.955752	8.242044	0.727273	0.584808
0.880363	-7.841317	7.230858	8.104641	0.636364	0.177814
0.880455	-7.765938	7.053941	7.819940	0.636364	2.085916
0.880611	-6.840718	6.726571	8.349026	0.545455	1.089370
0.880738	3.915068	0.840034	9.613276	0.363636	2.101459
0.880917	-8.005380	7.155132	8.440978	0.636364	1.974905
0.881352	4.361073	0.591504	9.368615	0.363636	0.665771
0.881803	-6.858984	6.435675	8.165812	0.545455	0.712928
0.881977	4.383789	0.677239	9.492509	0.363636	3.266361
0.882080	4.463551	0.672123	9.357615	0.363636	18.903796
0.882160	-8.002626	7.285679	7.891435	0.545455	0.917350
0.882480	-7.852341	7.381866	9.111816	0.363636	29.601017
0.883422	-6.287263	11.230572	12.799378	0.090909	36.020530
0.883673	-8.287224	7.424456	9.108726	0.454545	21.193426
0.884346	-4.530072	5.802619	5.336856	0.272727	35.789991
0.884468	4.457647	0.821575	9.073003	0.090909	0.001577
0.884527	-3.669044	0.861162	5.283969	0.090909	1.853910
0.884843	-8.204877	7.438911	8.492398	0.636364	21.026132
0.884945	-8.565437	7.885598	8.772360	0.727273	42.394891
0.885141	-6.819294	7.527203	8.663730	0.727273	0.412110
0.885346	-6.576707	6.522632	8.441243	0.727273	2.854921
0.885430	-6.568176	6.407208	8.109619	0.727273	2.908555
0.885766	-6.502775	6.434229	8.118295	0.818182	0.529577
0.886621	-6.825797	6.509177	8.496613	0.818182	7.610531
0.886844	4.647103	1.104910	8.344027	0.181818	40.786940
0.888374	-6.006372	6.131657	8.168372	0.727273	8.489232
0.888915	5.047018	1.103353	9.228566	0.181818	0.062536
0.889370	-6.628377	7.979227	8.761729	0.636364	3.116650
0.889636	-8.700800	8.038718	8.764921	0.636364	2.238956
0.889851	-6.603819	7.885264	9.039683	0.636364	5.375731
0.890018	4.376083	13.032551	3.834773	0.090909	6.875118
0.890632	-2.991555	0.210648	25.660182	0.090909	25.763890
0.890884	-6.205819	6.401092	8.381660	0.818182	0.948131
0.892456	-6.833589	8.201180	8.958139	0.818182	0.431202
0.892569	-6.304606	6.834434	7.979963	0.727273	1.534136
0.892661	-6.047140	6.840772	8.057541	0.636364	2.258695
0.892759	-8.930642	8.118226	8.740258	0.636364	0.059095
0.892993	-6.143374	6.806301	8.081300	0.636364	0.151116
0.893105	-6.470292	8.039719	8.484663	0.636364	0.010039
0.893272	5.240322	1.243241	9.446746	0.363636	2.701109
0.893391	5.421716	0.976475	9.493336	0.363636	1.046625
0.894125	5.564765	1.224115	9.111048	0.454545	4.921065
0.894249	5.557755	1.301954	9.369439	0.545455	1.601008
0.895467	-6.079067	6.914164	8.305110	0.454545	9.052467
0.896679	-6.161758	6.697993	9.629153	0.454545	49.450102
0.896819	-5.205200	6.705110	8.180886	0.545455	40.840764
0.897131	5.833264	1.652231	9.462594	0.363636	5.276745
0.897217	5.806342	1.636329	9.553096	0.272727	0.491927
0.897590	-9.285534	8.476731	8.826610	0.818182	0.532362
0.897842	-5.642275	6.970986	8.487413	0.818182	0.170013
0.897905	-6.318429	8.447930	8.558678	0.727273	0.660968
0.899052	-6.232255	8.504864	8.545830	0.727273	1.764062
0.899400	-5.654547	7.375862	8.731898	0.727273	3.077107
0.899964	-6.322723	8.707358	9.097240	0.727273	6.168790
0.900373	-9.695077	7.350175	8.725654	0.636364	0.142248
0.900729	6.515765	-17.132270	330.320345	0.090909	30.804245
0.900846	-9.929642	7.490285	9.040485	0.454545	2.527658
0.901126	5.573170	2.138948	9.662254	0.363636	1.485059
0.901525	-4.773708	0.687914	5.484540	0.090909	0.145808
0.901840	5.668775	2.101808	9.714261	0.363636	1.898853
0.902321	5.593367	2.213229	9.681715	0.363636	1.729954
0.902368	5.609306	2.190989	9.550129	0.363636	0.338828
0.903066	-14.775652	10.583951	13.970860	0.090909	17.484895
0.903250	-6.422241	8.858032	8.488932	0.545455	4.619041
0.903377	-10.121242	7.493065	9.013761	0.272727	1.484680
0.903556	-5.172774	6.742139	8.581986	0.545455	4.960214
0.903948	-5.116077	6.622711	8.374473	0.545455	20.471674
0.904165	-5.125319	6.902710	8.774386	0.545455	0.467664
0.904231	-5.094932	6.980994	8.754448	0.636364	9.084774
0.905591	-9.598878	8.442259	8.945508	0.727273	1.186768
0.905725	5.273140	-0.217468	3.692823	0.181818	1.095595
0.905877	4.444829	-0.588316	4.340552	0.181818	1.512639
0.906031	5.303748	2.371354	9.214723	0.181818	2.317134
0.906093	-6.011559	8.952885	8.766974	0.454545	6.983499
0.906236	-10.294860	7.328491	8.866673	0.454545	1.109628
0.906376	-9.595732	8.399670	8.606953	0.454545	1.287450
0.906563	4.952243	1.527799	27.133072	0.090909	8.158924
0.906700	5.463541	2.353006	9.569189	0.363636	0.360023
0.906983	5.324993	2.362569	9.551781	0.272727	3.379960
0.907259	-5.944845	9.037841	8.715550	0.636364	0.918348
0.907475	-10.287578	7.360405	9.018185	0.636364	0.794035
0.907702	-10.367677	7.374416	8.925677	0.636364	0.218646
0.908107	5.171529	2.407827	9.609013	0.363636	0.579268
0.908303	-10.185092	7.407331	8.756118	0.727273	1.217167
0.908392	-5.734639	9.011153	8.538006	0.727273	2.401806
0.908525	-10.461739	7.577688	9.122221	0.818182	0.046611
0.908733	-12.485305	8.637191	10.170619	0.454545	37.498950
0.909100	5.569531	2.813815	9.936949	0.181818	0.275288
0.909394	-6.453763	9.016491	8.527105	0.818182	1.183745
0.909769	-6.512812	9.018603	8.481956	0.727273	0.935814
0.910549	-10.495948	7.533431	9.256292	0.545455	0.348390
0.910697	-6.543682	9.173726	8.716978	0.636364	0.564483
0.911045	-4.421571	6.522521	8.098485	0.545455	14.610498
0.911403	-4.696368	6.901709	9.113253	0.636364	0.680759
0.911743	4.947148	2.516358	9.038606	0.181818	4.562195
0.911964	4.844975	2.752433	6.610816	0.272727	12.427257
0.912128	-10.655465	7.438911	9.168860	0.272727	2.969177
0.912378	-6.554292	9.197078	8.538540	0.636364	5.625700
0.912897	-4.493580	6.912162	8.640411	0.454545	24.031660
0.913183	-4.486609	6.846555	9.385092	0.363636	1.647090
0.913612	5.028257	2.313975	9.212850	0.272727	0.048742
0.913670	5.041858	2.324651	9.414883	0.181818	6.764635
0.914192	-10.713666	7.467823	9.216348	0.545455	0.099279
0.914479	-6.648246	9.535456	8.921182	0.818182	1.369497
0.915211	-10.944383	7.312812	9.375064	0.545455	0.874495
0.915319	-6.649031	9.692469	8.983523	0.818182	5.911990
0.915485	-6.626317	9.660110	9.011467	0.818182	3.219969
0.915768	-4.364986	6.715674	8.581706	0.636364	9.333553
0.915880	-6.648601	9.586719	8.994995	0.909091	0.066536
0.916069	-4.512530	6.736023	9.108346	0.727273	1.171220
0.917314	-6.775656	9.536568	9.017408	0.818182	1.302949
0.917558	5.128333	2.274833	9.030930	0.181818	1.272756
0.917815	-10.708312	6.868239	9.029949	0.363636	11.541757
0.917996	-6.296521	9.665892	8.606611	0.454545	3.559744
0.918250	-4.474157	6.715896	9.499894	0.454545	2.490310
0.918406	5.183806	2.490448	9.336589	0.363636	16.188130
0.918531	-11.164932	7.026919	9.442092	0.272727	9.786195
0.918889	5.146176	2.448193	8.916710	0.272727	1.703488
0.919524	5.202719	2.491783	8.770981	0.363636	0.711825
0.919857	-6.659711	10.055311	8.883887	0.363636	1.346970
0.920097	-6.714357	10.123809	8.886595	0.363636	0.567301
0.920345	-11.208210	6.764156	9.357136	0.272727	1.043154
0.920589	-11.199602	6.992893	9.579691	0.181818	0.459834
0.920735	5.045877	2.636564	8.997949	0.363636	1.982885
0.921066	-6.575547	9.969577	8.574984	0.454545	1.449094
0.921165	-4.299801	6.624157	9.160111	0.363636	2.017135
0.921310	5.077637	2.678263	8.902233	0.363636	0.858498
0.921662	-6.787672	10.336311	8.948535	0.272727	15.761942
0.921943	5.214751	2.791575	9.179757	0.363636	13.908855
0.922166	4.296591	-0.248826	4.294582	0.181818	2.228269
0.922315	5.187090	2.755658	8.542646	0.363636	7.250660
0.922386	-11.563000	7.107316	9.765968	0.181818	1.462490
0.922883	-11.396182	6.930065	9.445332	0.181818	0.582856
0.923295	5.397728	2.815483	3.976989	0.363636	2.821776
0.923600	-6.766138	10.395802	8.789010	0.272727	3.684707
0.924246	-15.542259	11.583407	24.770532	0.090909	1.711876
0.924573	-6.793976	10.420377	8.689042	0.363636	1.153767
0.925295	5.480118	3.042440	8.959799	0.454545	11.415159
0.925402	5.479763	2.979167	9.055130	0.363636	4.645117
0.926272	-7.012837	10.161506	8.767306	0.454545	0.286716
0.926697	5.395702	3.067571	8.970838	0.363636	0.007280
0.927786	-7.171680	10.021729	8.212506	0.363636	4.610194
0.927878	5.522610	3.014862	8.445349	0.454545	2.452473
0.928144	-4.386116	2.212562	4.442618	0.090909	9.111259
0.928301	-3.939759	6.704554	9.488540	0.545455	0.670081
0.929015	-11.845022	7.157689	9.841491	0.090909	0.677245
0.929206	5.191329	3.282518	8.914182	0.272727	4.115815
0.929277	-6.589692	10.554594	8.967029	0.545455	0.070695
0.929337	-5.968049	9.913643	7.000810	0.636364	24.470446
0.929406	-6.622931	10.579947	8.847423	0.636364	0.533175
0.929621	5.914418	3.194226	8.906641	0.272727	2.913135
0.930043	-7.391412	10.438169	8.636012	0.545455	1.926254
0.930196	-7.404449	10.688700	8.884210	0.636364	0.540391
0.930342	-3.827879	6.737246	9.586265	0.454545	2.650378
0.930588	-6.625755	8.022150	13.589080	0.181818	45.312557
0.931875	5.990310	3.323328	8.898231	0.181818	1.953746
0.932229	-6.494347	10.770876	8.926800	0.636364	0.937463
0.932980	-7.464332	10.689034	8.942749	0.454545	4.290703
0.933403	-3.597386	6.959199	9.913191	0.363636	1.530850
0.934616	-11.900122	7.075180	9.890911	0.181818	1.414411
0.934982	-7.501495	10.678581	8.642130	0.363636	8.670645
0.935429	6.089414	3.699848	9.236077	0.272727	0.012441
0.935489	-7.540608	10.926221	9.121941	0.272727	1.926439
0.936239	-12.227605	7.117102	9.984348	0.181818	23.876606
0.936741	6.163084	3.772349	9.189017	0.272727	1.226261
0.936820	6.104293	3.788028	8.881809	0.363636	2.200268
0.937007	-3.471466	6.862123	9.853060	0.181818	1.316670
0.938129	-3.457212	6.874911	9.823783	0.181818	19.021483
0.938174	-5.561741	9.124910	18.986976	0.090909	26.542616
0.938318	-7.324327	11.015402	8.941632	0.272727	4.386973
0.938882	6.269545	3.851634	9.247883	0.454545	11.387317
0.939064	6.193526	3.844962	8.909116	0.363636	2.295898
0.939383	-7.527622	11.030970	9.316206	0.454545	2.820631
0.939490	-7.384839	11.072670	9.137756	0.454545	0.383400
0.939964	6.280794	4.214921	9.366554	0.454545	16.834786
0.940440	6.553391	4.199576	9.206299	0.454545	4.507595
0.940830	-9.703662	12.005073	7.009427	0.545455	8.942089
0.941218	-7.663249	11.189985	8.988380	0.545455	15.784461
0.941561	6.560886	4.074254	8.918154	0.272727	6.789698
0.941894	-9.265260	-10.681176	6.593205	0.090909	0.002014
0.942174	-7.369032	11.008619	9.314468	0.545455	1.031643
0.942335	-7.394509	11.114147	9.277106	0.545455	0.322757
0.943032	-3.124260	6.526079	10.285113	0.363636	0.356455
0.943178	-7.393998	10.989271	9.381778	0.363636	0.299096
0.943423	-7.640464	11.111256	9.121897	0.363636	1.166444
0.944059	-3.098737	6.526969	10.194384	0.454545	6.049169
0.944123	-3.117085	6.539423	10.316437	0.454545	0.832320
0.944304	-3.185815	6.634498	10.484974	0.454545	9.892743
0.944365	-3.183762	6.659073	10.192693	0.363636	1.149116
0.944587	6.302199	4.284976	9.021668	0.545455	0.426390
0.945070	6.365431	4.359368	9.356259	0.636364	5.973772
0.945210	5.888315	4.177113	7.665856	0.727273	47.155286
0.945755	6.230692	4.446771	9.329596	0.727273	7.299677
0.945931	6.718202	4.716984	8.573004	0.727273	4.401749
0.946070	6.644172	4.623577	9.101569	0.727273	19.485000
0.946187	6.893113	4.838969	9.179616	0.727273	4.541415
0.946300	6.831132	4.658271	8.749105	0.636364	3.317352
0.947495	-7.939185	11.200104	9.036084	0.363636	10.420857
0.948118	-7.991639	11.144504	9.282789	0.363636	8.396791
0.948394	-8.610559	12.020529	10.612546	0.363636	19.906139
0.948635	7.007408	4.868993	8.921439	0.545455	2.643540
0.948770	-8.148239	11.247363	9.467530	0.454545	1.295673
0.949128	6.902326	4.600337	8.469826	0.454545	0.819274
0.949404	6.891228	4.636365	8.789412	0.545455	0.384051
0.949845	7.081279	4.879557	8.909298	0.636364	4.319083
0.950075	-8.247116	11.305076	9.514336	0.272727	0.762469
0.950722	7.063555	4.946054	8.934548	0.727273	2.387587
0.951822	-8.227796	11.185982	9.294828	0.181818	3.480272
0.952287	6.368523	5.164004	7.587357	0.818182	10.021194
0.953031	7.310214	5.010438	8.849434	0.727273	0.700617
0.953990	7.213683	5.565543	9.717433	0.727273	0.059782
0.954566	7.173702	5.360381	9.064677	0.727273	2.786349
0.954967	7.326678	5.822301	12.314612	0.636364	5.548378
0.955971	7.064989	5.617362	9.104966	0.636364	3.103878
0.956190	-8.345429	11.376021	9.742953	0.454545	2.415483
0.956285	7.069218	5.772596	9.364023	0.545455	0.000365
0.956610	-8.572504	11.732969	10.471587	0.454545	4.261567
0.956976	-8.574544	11.541707	10.044649	0.454545	11.165175
0.957302	-8.286760	11.372796	9.727272	0.454545	2.053955
0.957372	-8.436211	11.417387	9.787895	0.545455	3.862715
0.957752	7.039726	5.665289	9.493479	0.454545	1.237925
0.957806	7.253509	5.686861	8.812787	0.454545	1.593083
0.958246	7.160746	5.632930	9.280053	0.545455	11.626589
0.958659	7.020835	5.612803	9.442929	0.636364	1.825847
0.958811	-8.134520	11.316084	9.600581	0.181818	1.293398
0.959013	-8.324267	-8.716068	6.482260	0.090909	0.544221
0.959277	7.318123	5.781269	9.017119	0.818182	1.461630
0.959374	7.504493	5.862333	9.229881	0.727273	2.818289
0.959586	7.296639	5.688640	8.724895	0.636364	4.876386
0.959727	7.538765	5.884795	9.337049	0.545455	3.248817
0.959825	7.552374	5.864668	9.723751	0.545455	1.190937
0.960483	7.727159	6.027130	10.156578	0.636364	0.090932
0.960750	-8.178083	11.587521	9.848823	0.272727	0.026782
0.960869	-8.037542	11.394480	9.467995	0.272727	8.602628
0.961173	-2.505002	2.102809	5.319815	0.090909	0.578828
0.961438	-4.340697	-0.945043	0.940218	0.090909	23.802522
0.961985	7.905081	6.028576	9.562101	0.545455	1.577818
0.962476	-7.795616	11.113035	9.049050	0.272727	38.468033
0.963593	7.991903	6.019680	9.738221	0.636364	2.639685
0.963982	8.436163	6.207828	10.824856	0.727273	15.343047
0.964318	8.083221	5.954072	9.621588	0.818182	4.605629
0.964533	8.232414	6.045811	10.145625	0.909091	1.300708
0.964718	8.369806	6.282443	9.598914	0.909091	0.178841
0.965302	8.332349	6.307907	9.597069	1.000000	1.309093
0.965528	8.513270	6.473149	9.613071	1.000000	0.994028
0.965665	8.363709	6.381632	9.711074	1.000000	2.934831
0.966081	8.599779	6.750368	9.986014	1.000000	37.431454
0.966138	8.500233	6.464142	9.341021	1.000000	4.677746
0.966270	8.484125	6.448351	9.596421	1.000000	0.846301
0.967874	8.994642	6.543315	9.506566	1.000000	6.444750
0.967957	8.890858	6.575563	9.201397	1.000000	0.257056
0.968711	8.950328	6.692211	9.423385	1.000000	8.176566
0.969199	8.983599	6.656293	9.241093	1.000000	1.534677
0.969534	9.152870	6.816976	9.299188	1.000000	0.474071
0.969873	9.300832	6.927619	9.546695	1.000000	2.100017
0.972047	9.753882	7.538657	9.511848	1.000000	49.097324
0.973647	9.672206	7.324599	9.254242	1.000000	5.268809
0.974252	9.727708	7.165473	9.407426	1.000000	1.399243
0.974529	9.629562	7.478276	9.204583	1.000000	0.521547
0.974771	9.467331	7.418784	8.909092	1.000000	2.429847
0.975378	9.583273	7.658529	9.162903	1.000000	3.110487
0.975681	10.033677	7.569348	9.331195	1.000000	6.218335
0.977344	9.700429	7.888266	9.230203	1.000000	3.463235
0.977518	9.737494	7.902500	9.498286	0.909091	1.264339
0.977768	9.807267	7.886154	9.331309	0.909091	2.109194
0.977897	10.102465	8.559908	10.760497	0.909091	23.880499
0.978270	9.418801	7.999354	9.446016	0.909091	2.528333
0.978926	9.457520	8.251108	9.228159	0.909091	7.249047
0.979138	-2.600101	-15.941218	10.399745	0.090909	38.396422
0.979482	9.258371	8.075303	9.247814	0.909091	0.069927
0.979609	9.379567	8.430250	9.929929	0.818182	32.491491
0.979967	9.531766	8.418796	9.518105	0.818182	4.477848
0.980589	10.268997	8.213746	9.733092	0.818182	4.574609
0.980675	10.088316	8.003468	9.290926	0.818182	0.988725
0.981759	9.317361	8.599383	9.079401	0.909091	5.791874
0.981937	-2.411859	2.624554	5.169032	0.090909	0.263132
0.982220	9.363569	8.772298	9.418244	0.909091	2.016459
0.982345	9.375936	8.621290	9.139896	0.909091	0.686775
0.982587	9.199175	8.578700	9.111993	0.909091	7.728464
0.982787	9.156903	8.547898	9.354972	0.909091	26.861679
0.983448	9.377098	8.527438	9.113991	0.909091	2.286365
0.983954	9.391178	8.883941	9.415194	1.000000	7.559584
0.985071	9.356514	8.527549	9.070307	1.000000	1.626942
0.985370	9.419447	8.591933	9.233485	1.000000	1.301904
0.985738	10.597917	7.808537	9.327568	1.000000	4.228714
0.986270	10.454550	7.842230	9.299776	1.000000	2.498558
0.986821	10.573488	7.854907	9.532513	1.000000	7.033158
0.987473	8.697754	8.884053	9.555233	1.000000	2.644736
0.987572	9.709744	9.199524	9.308966	1.000000	0.736398
0.987665	10.865780	8.014255	10.072329	1.000000	5.464496
0.987854	10.793058	7.971777	9.934010	1.000000	3.312994
0.988282	9.619654	9.251120	9.231349	1.000000	2.050728
0.988564	9.653474	9.228658	9.337146	1.000000	0.286632
0.989138	10.781932	7.711349	9.452540	1.000000	6.373599
0.989205	9.688745	9.473741	8.673779	1.000000	1.214497
0.989802	10.351920	7.988123	9.141185	1.000000	37.427583
0.990519	9.518012	9.502319	8.054544	1.000000	0.041600
0.990829	8.601117	8.788199	9.329520	1.000000	2.586313
0.991280	9.861128	9.500539	8.578652	1.000000	3.553818
0.991404	11.073088	7.573907	9.379804	1.000000	0.461052
0.991624	9.646461	9.663224	8.752491	1.000000	1.932239
0.991888	10.007742	9.647989	9.202896	1.000000	4.914071
0.991963	9.466010	8.606167	7.380626	1.000000	10.838305
0.992310	9.573869	9.172614	8.257852	1.000000	0.692973
0.992466	9.628634	9.740062	8.771776	1.000000	2.316505
0.992553	10.102203	10.326859	9.894691	1.000000	2.080465
0.992780	9.953889	9.871499	9.109885	1.000000	19.162701
0.992862	9.748957	9.754963	8.713835	1.000000	10.223345
0.993006	9.556396	9.667338	8.625521	1.000000	0.037474
0.993374	11.298779	7.575353	9.297822	1.000000	5.235917
0.993603	11.122856	7.360627	9.031945	1.000000	0.004826
0.993658	11.093032	7.882150	9.368413	1.000000	0.006836
0.993839	9.577167	9.665336	7.793797	1.000000	13.458579
0.994168	11.078487	7.907949	9.244963	1.000000	3.100738
0.994335	11.153235	7.500404	9.137397	1.000000	0.575193
0.994428	10.042662	10.202761	9.222357	1.000000	44.076659
0.994782	11.487492	7.734145	9.641436	1.000000	0.517004
0.994955	12.032585	7.871920	9.187643	1.000000	19.080882
0.995083	11.639274	7.651857	9.814597	1.000000	1.410973
0.995187	10.286808	10.119473	8.874431	1.000000	3.616384
0.995272	11.204357	7.202836	8.774131	1.000000	2.400568
0.995357	10.309831	10.085001	8.948138	1.000000	4.818450
0.995457	10.305187	10.060760	8.463573	1.000000	21.092700
0.996672	8.655484	9.270358	9.858491	1.000000	0.220397
0.996941	10.449925	10.044525	8.337289	1.000000	2.208201
0.997542	11.075778	7.099977	8.375171	0.000000	0.000667
0.997695	11.265677	7.152685	8.925132	0.000000	2.431565
0.997947	10.461775	10.004827	8.266176	0.000000	1.169027
0.998588	12.073835	7.590476	8.516259	0.000000	0.676783
0.998668	10.706741	10.132372	8.745469	0.000000	2.727978
